-4.69723273,-1.76205138,5.60871082,1.59026585
-4.55934767,-1.59002949,-1.87253705,-5.59021146
1.53659130,-2.04667201,5.65986234,1.83166263
-1.39697223,-4.72365137,-2.06033061,6.27335308
-4.01394573,-2.02010048,3.61126299,4.90667127
-1.52194222,1.53550045,-4.60413873,3.47139525
-4.48845702,-1.41562817,5.95767996,-1.93319917
-1.51681403,1.56827425,1.63440769,6.02407063
-4.52819494,-1.48741312,5.09963101,2.83116462
1.58769150,-1.31711367,-3.08754477,4.96550844
-1.41292188,1.58712423,-3.07878384,4.95850645
1.49396219,-1.53806883,5.04764506,2.95659995
-4.25474117,-1.22397450,-2.82052526,5.31136040
-1.48807721,0.86541076,5.86581250,-0.80388499
1.43432905,-1.58326367,1.94606338,5.65430739
-4.47421628,-1.47371453,3.27775889,-4.83179852
-1.38675096,1.41820385,0.24867352,6.28323309
-4.49160880,-1.55724590,6.25278401,-0.35941542
-1.42115011,-4.32345012,1.27964606,-5.52764409
-1.58493221,-4.49271199,6.01882117,3.34774255
-1.48542270,1.50861792,-3.65785496,4.08628883
-1.93318257,1.39588365,5.80390368,2.95863313
-4.23630582,-1.42599439,6.16960720,-2.34014590
-1.14676556,1.56541322,3.28811818,-5.60273573
1.55246674,-1.54878535,-6.09256115,-2.31267280
-4.20712493,-1.57439231,1.96089959,-5.40695909
-1.66335606,1.44540662,2.53210098,-5.65869891
1.60712340,-1.41391074,6.19112755,0.56546001
-4.16983437,-1.50127146,-2.19211664,6.12494273
1.69674310,-1.70131021,-4.43981210,-4.56573864
-1.58928921,1.14140448,3.36901564,-4.07494384
-1.55391428,-4.14460502,3.15588558,-5.06699359
-1.10903801,1.22116797,1.27795626,-6.00452508
-1.60839863,1.51053806,0.86957030,-5.69506871
-1.54127814,-4.63130416,4.79341923,-3.14411856
1.66630791,-1.23082920,-6.26408862,-0.76992198
-1.78423737,-5.09184974,4.48163963,-4.19596012
-4.72939043,-1.63653220,4.50725864,4.03953446
-1.51251340,2.01895536,-0.52924773,-5.59598308
0.93995475,-1.38142230,-4.27123553,-4.41082004
-4.55335786,-1.49970123,6.13191458,0.03825026
1.12121576,-1.74732058,2.22657800,5.00709809
1.67735975,-1.32276348,-2.71236011,5.83628323
-1.53654678,1.80507934,-1.13860132,-5.92808361
-1.52665907,-4.46705326,3.68582336,4.28727316
1.65868215,-1.52929299,-1.49606423,-5.84729163
-1.50043711,-4.49993615,6.88200709,0.56188686
-4.55584159,-1.50792347,-5.97678834,-0.76922983
-1.45778574,-4.32535233,-1.47760514,5.88604811
-1.10071946,-4.39035883,-2.63446284,-5.29203005
-2.06334591,-4.40385132,0.04357565,-6.49605256
-1.26860129,-3.95906871,-5.79392832,2.66539317
-1.62023094,1.48700437,5.19222669,0.89140216
-4.74390414,-1.32795506,5.60913653,3.09612503
-4.48381223,-1.28770615,6.16293979,0.63562800
-1.71465800,-4.52522875,3.09570167,-4.87506296
-4.58179227,-1.48313097,-6.39324658,1.63028563
-1.34362440,1.64469691,-5.50132792,-1.57799045
-4.69814792,-1.51521379,-2.00908442,6.07532324
1.44174095,-1.75845881,1.47826900,5.67221570
-4.34402507,-1.86535922,4.24071262,4.73333121
-3.90844827,-1.32341849,0.45024188,-5.19580614
-1.38026060,-4.68571640,4.46102118,2.93719547
-1.54034811,1.29271686,0.59197389,-5.60906472
-4.87620624,-2.12416844,5.79981668,-2.30201018
-1.10040934,-4.72631946,-5.02884427,-3.56453378
-1.50422850,1.73503831,1.30568795,5.89992460
-1.55558477,-4.64907977,-2.67239739,5.09194932
-1.56552996,-4.57276023,5.45196788,-1.65439165
-2.29514619,1.47705466,5.29015709,-1.85376423
-4.09498335,-1.15303128,2.45177621,5.37167106
1.62460098,-1.65561583,3.47640008,-4.67844605
1.36609795,-1.66512242,-4.18699603,4.47119240
1.95747047,-1.61576685,-1.84995711,5.43181818
-1.44796041,-4.54155026,-5.14658694,2.95151155
1.45776715,-1.50685051,-5.59476621,-2.80475788
-4.49598500,-1.57522111,5.32232745,2.86910805
-1.59000603,1.35101263,1.36000760,-5.65171627
1.52018532,-2.08930459,1.25023726,-5.83355294
-1.24103031,1.32624376,5.27314441,0.10630716
-4.52460623,-1.44399717,-2.40443809,-5.11834356
-5.06880695,-1.33658205,6.00872909,2.40468903
-1.67825277,-4.68535130,-2.56766896,5.43411864
1.38639610,-1.74907187,3.46109653,-4.69794132
-1.66690648,1.48522223,-3.89396620,4.55377532
1.56782118,-1.63486133,-0.57395855,5.95823109
-1.75893329,1.32779382,-4.99700189,-3.42201604
-1.88216812,-4.77708564,5.03930815,-3.05564310
-1.74357527,1.96005925,3.80649853,4.29645682
-4.49338555,-1.52202804,-6.04650585,-0.63512443
-4.68285223,-1.44914740,1.42115407,5.93754918
-4.26652803,-1.81512079,-5.78785053,-1.10442650
1.57035501,-1.35650335,-2.43538603,5.19148985
-1.30802388,1.54107297,5.29822193,-3.54846597
1.62007440,-1.47821364,-6.17559064,1.59357091
-4.40611903,-1.47576871,4.92577748,-2.71536004
-1.80522293,0.87075569,4.34635678,-3.89800226
-4.64017866,-1.49586973,-5.84878310,-1.49261923
-1.57636985,1.19008548,-4.29982252,-3.63444503
-4.43245319,-1.38712062,-3.75987888,-5.04945917
-1.46032364,1.40488163,2.22202154,-6.18098443
-4.51539514,-1.43181510,-3.37342192,-5.57647368
-1.51631702,-4.73946277,-5.72124349,-2.44051105
-2.16134895,-4.52727894,-4.07884264,-3.92874235
-1.66438638,-4.46367805,4.75926952,-3.47149435
1.40358050,-1.41283967,2.05106816,5.48913971
-1.40340362,1.45849496,5.27016334,-2.47915470
-4.42472465,-1.38375936,4.76328939,4.07072008
-1.64305494,1.68416103,4.72751487,-3.71340045
-1.18699096,1.42900440,1.53318864,-6.13458117
-1.42086526,-4.62634970,6.18620753,-0.94206116
-1.20382296,-4.02284191,2.62656120,-5.05820903
-4.33158882,-1.68217631,-2.14549274,5.49989396
-4.40787537,-1.67222223,-2.72417476,-4.99178655
1.59006905,-1.58629392,-3.09206650,5.49354043
-4.71646022,-1.12566990,6.23000080,2.24882023
-4.47945228,-1.46112670,0.40866258,6.19498927
-1.57217900,1.27188768,5.83099845,-1.97647329
1.57379325,-1.53197034,2.17963285,-5.08745839
-0.95026019,1.55005674,-4.79493267,4.11725342
-1.47069999,1.42114811,-3.01306315,-4.64882907
-1.48315821,-4.49998623,0.08429208,-5.43670322
-1.54773661,1.48511654,1.52187498,5.54165282
-4.51405715,-1.51237765,-3.34256076,4.05765555
-1.31502604,1.31773354,1.34457783,-5.34034316
-4.32338968,-1.57015683,5.21757918,-3.55804559
-4.36459579,-1.49475361,-5.87888931,0.24693050
-4.03650841,-1.51083555,-3.43601830,4.85627604
1.47509290,-1.50480562,-4.85294419,2.93581460
-4.36490968,-1.36509249,-5.94443630,-0.92349933
1.39724328,-1.52457497,-5.47600267,0.90459628
-1.45621371,-4.55160253,-5.63589627,-1.17257411
-1.48054632,1.54588053,-5.69844887,-2.01431258
1.37100644,-1.53141512,-2.36449044,-5.68270708
-1.69098951,-4.22351848,-3.09111431,5.07078544
-1.43287036,-4.68743700,-0.42099657,5.59291986
1.46273669,-1.33704198,-5.11886661,3.37024278
-1.47529032,-4.24961987,-1.57845085,-5.52226181
-0.58895966,1.37562475,-3.86301203,-4.08481994
-1.89074069,1.98333324,-4.11947703,-3.94128341
-4.06193072,-1.20958625,2.42204502,-5.04175503
-4.51155406,-1.65726709,-5.26288300,-1.22727686
-4.46140513,-1.40455769,-2.02740123,-5.33642037
-4.47256144,-1.68448193,-3.40407255,-4.44372809
-1.33463833,-4.43175281,-3.21095844,-4.46618081
1.62910854,-1.26625470,5.36319000,-2.66643111
-1.29377905,1.81595950,-3.78857019,-4.77994998
-1.58363505,1.52111000,-3.37894867,5.86897917
-1.60773531,-4.20421104,-3.98167187,4.03428025
-1.71547591,-5.21597170,5.65334832,-2.25834780
-1.53893136,-4.50994789,5.18593032,-2.88921163
-1.51126260,-4.25792058,5.30702440,-4.03150704
-4.37247954,-1.18809971,6.34698994,1.42456990
-1.61733824,1.51440359,5.51541676,2.31640440
-4.64770368,-1.21013065,4.88367881,4.53310183
-1.16003621,1.51477574,-0.54474429,-6.31124891
-4.52340359,-1.42264113,1.42302517,-5.28781194
-1.50914192,-4.47870993,-1.31144545,6.00907507
-1.60952394,-4.51640662,-5.92489137,0.50490161
-1.26425953,1.06840849,1.60397963,-5.81280704
-1.62124143,-4.36337171,0.61140376,-5.90536713
-1.41418780,0.99083143,-1.96669157,-6.01455537
-1.24059367,-5.13484085,2.10865193,-5.78622391
-1.82918555,1.50482224,0.80799589,5.41763591
-1.49549155,1.50864548,-5.85771871,-1.79657327
-4.36330050,-1.54760856,-1.70563310,5.15715767
-4.35488279,-1.11631665,5.53414176,1.83029083
-1.45199589,-3.91145787,5.54246110,0.44539952
-5.00517912,-1.25724507,2.09794529,5.47655945
-0.87129592,-4.66915346,1.78062486,-5.93927442
1.51622823,-1.85670624,-1.90828193,-5.76332133
-1.62944242,2.07767236,4.57235204,-3.93047741
-3.96721235,-2.32211892,-5.32982226,3.30786260
-1.46152989,-4.34859299,-6.12372493,2.20037356
-4.89342302,-1.64101276,6.14621121,1.94504392
-1.40447714,-4.01301482,-3.40419214,-5.50734633
-1.51374419,-4.65507526,5.21304365,1.32079265
-1.30793742,-4.61572632,-4.24195646,-3.82670713
-4.57198003,-1.35610239,-6.04395550,1.66924317
-1.58797544,1.52604294,1.41126839,5.85417286
-1.53725168,1.61976429,4.60100365,-4.17641027
-1.78319524,1.24769009,-3.33894123,5.11768966
1.43393437,-1.56398212,-4.90934600,3.38092347
1.59822258,-0.93581995,-1.57961178,5.38195097
1.25209229,-2.09040579,2.24575876,-5.66166912
-3.74680418,-1.31579393,5.48789188,-1.18622564
-0.98168248,-4.15082218,-0.41396014,6.15545800
1.48576277,-1.00359183,0.02453970,-6.23005783
-1.43504281,1.50447553,3.04540669,-5.10609427
-4.29106412,-1.49625047,3.34314677,4.83371864
1.53865220,-1.39845112,-3.24386962,-5.34260409
1.10330003,-1.11571058,-4.27381481,4.52256800
-1.43767056,1.40441761,3.59298151,-4.89186740
-1.19055660,-4.95270646,5.72964276,-2.05280701
-1.35386622,1.45599354,-1.19466243,6.24009014
-1.40814665,-4.50904736,-2.70250231,-5.55877405
-1.34248499,-4.39758990,-5.66463519,-2.30613424
-1.56876632,1.71406885,1.07397307,-5.34806919
1.51156382,-1.54452065,5.44706122,3.43649555
-1.53809790,-4.93962534,-5.12538035,-3.07783072
-4.55206876,-1.77030851,5.85985631,-1.69439661
-4.63455396,-1.81694104,0.58235131,-5.50084368
-4.65264367,-1.14931779,-4.45994644,4.47233143
-4.27391087,-1.18525756,4.60887329,3.79996513
-4.42265203,-1.27464977,-5.15617446,3.33800610
1.02881361,-0.98224355,0.78635523,-5.66890422
-1.86218203,-4.72360148,3.94478186,3.68719357
-1.46967603,1.01810333,-3.34408871,-4.25934932
1.26319367,-1.56105310,-1.63675263,6.12131934
-1.58383829,1.57064780,5.77906851,1.48491147
-1.43948508,1.27200867,-2.35434749,-5.38995241
1.15161590,-1.44483920,2.57379612,5.18257837
-4.47216008,-1.34115357,-6.21783741,-0.05003306
1.60466955,-1.63682858,-6.29938545,-0.13367399
-1.07446261,-4.86547362,-5.31075361,2.12420180
1.52900630,-1.67454564,4.69941604,-3.02672589
-4.46498982,-1.99646614,-5.35173812,1.08833188
-1.26786184,-4.55403811,3.53393623,-4.66362811
-4.69582118,-1.76161305,-1.26569962,-5.65421406
1.49780591,-1.40417686,2.77200667,5.26400896
-1.46316064,-4.70418006,2.73166296,-5.26613214
-1.58358073,-4.73253998,-5.10431804,-3.77285924
1.34426191,-1.46616944,-5.76072960,-1.17856118
-1.29728039,1.20570714,-6.09683729,0.99683841
-4.42857428,-1.66124042,3.69378739,-4.89686939
-1.07959316,-4.60357625,-6.14626075,0.61992471
-1.57327359,-4.38355845,-1.28164625,-5.77759888
-1.20354161,1.31326646,2.16776653,-5.67322944
-1.67345806,-4.70245238,-3.37937949,4.26736999
-1.47110280,-4.50192198,-0.04990637,5.80770111
-1.48883601,1.51241882,3.11405668,-5.00043180
-4.73034306,-1.40579437,5.23183396,-2.49820880
-4.51689005,-1.46991441,-1.22426182,-5.84059240
-1.28719047,-4.49754752,4.43004880,-3.53181505
-1.30192915,1.47186474,4.61655030,-4.24813836
-4.59703746,-1.66751023,5.75118123,1.05119570
-4.46315911,-1.52556374,4.73738134,3.66490509
1.44349059,-1.38925731,-4.98494230,-3.22056016
-1.55449835,-4.59005424,-5.73400572,-1.73265819
-4.42454245,-1.12580824,-5.44813007,2.70558097
-2.12511406,-4.59516513,-5.81472467,-3.39288057
-4.52656407,-1.40357467,1.67197787,-5.46768066
-1.57832095,1.47340031,-4.77894378,3.96126707
1.39342364,-1.34918553,-3.10804702,4.80617835
-1.43601987,-4.53171448,0.24977194,-6.51786954
-4.52965626,-1.57619660,5.18326132,1.37521769
-1.89560285,-4.22805036,3.81398425,-4.67211822
-1.62632832,-4.47798791,0.77221823,6.01147246
-1.83325092,1.92758567,1.69828220,5.84897400
-1.23159811,-4.35311508,-5.31373931,2.34353574
-1.47656250,1.56871245,-3.08541444,-5.25098469
-1.03531009,-4.62974314,-5.95208938,-2.09389045
-1.43195814,1.41498577,-2.94809406,-5.62135910
-1.23337944,1.69032896,5.23020910,1.64461051
-1.45107553,1.60572135,-4.51566890,-4.43595383
-1.55431781,1.33267932,4.72939418,3.62415931
-1.51162689,-4.61751469,5.30065073,1.31437962
-4.55116397,-1.44941114,-5.48536816,1.48917662
-2.18192802,1.64708646,-0.19678713,-6.57681799
-1.38980313,1.12064730,4.44168458,4.08812881
-4.75233658,-1.35149854,-5.38729087,2.04179021
-4.59879356,-1.34410424,4.87718590,3.44085351
1.48908035,-1.99602149,-0.06941798,5.92694042
-1.78461410,-5.03989252,-2.16066093,-6.27757006
-1.47063303,-4.42099535,1.81131472,-6.22617453
-4.44353574,-1.07892824,-0.64352984,-5.90865755
-4.50667297,-1.49277831,4.54134076,-3.30006545
-4.40929897,-1.58748232,3.80170582,-4.37646743
-1.75914293,-4.49029865,2.80854501,-5.06317794
-1.34554717,-4.38871748,2.52151471,5.45205316
-4.50074504,-1.49819057,5.95269673,2.71467785
-4.47028514,-1.63364403,3.27926899,4.73738420
-1.51581445,-4.33841423,-5.14287547,3.78893724
-1.55429108,-4.21895848,-4.07777203,-4.49960214
-1.37355046,-4.55119503,5.64223386,-1.83384783
-2.32671193,1.98865419,4.24031623,-4.04222100
-1.74789277,-4.39229674,-6.14294475,2.81543242
-4.83613772,-2.10117525,-4.49968840,4.13466020
-1.40395523,-4.64637789,4.56451455,4.57151352
-4.52656936,-1.38733247,-0.24644257,-5.75539615
-1.42596009,1.22987751,6.19628753,-0.60096069
-1.53855626,1.59374547,5.92181717,1.78994140
-1.85134918,2.23119607,3.04877923,5.42046247
-1.68779860,1.24847669,3.83305961,-4.19134027
-1.20942715,1.55029082,-5.82969281,2.39826272
-4.45244451,-0.79579068,0.76392566,-5.37836849
-1.73166348,1.28406028,2.44453902,5.55430583
-4.28510512,-1.45226379,5.60679864,1.53793478
-4.56871639,-1.47120661,6.35645043,-1.29427661
-1.50876866,-4.50575575,5.05351158,2.58773586
1.35076329,-1.70506078,5.34513447,-2.35577790
-1.44777822,-4.51614948,-4.92594250,3.21312533
-1.86534648,-4.45519958,-3.49297385,4.53081850
-1.75727459,1.25644975,-4.77114752,3.98413295
-1.43641726,-4.52247852,5.73339793,1.84692266
-4.31165496,-1.07275425,4.81321236,4.42889815
-4.34710092,-1.48930619,-4.84851588,2.90467461
-1.33336113,-4.69516029,6.18346253,1.78345509
-1.95752663,-4.06789075,2.96665265,-4.91384954
-1.59504463,1.73951234,2.25572585,-5.63974890
-4.64402526,-1.62678893,-1.84904482,-5.46307203
-1.37865373,-4.55148300,5.83060320,-0.49981599
-5.11640458,-1.31631485,-5.07184500,3.34782727
-1.46158644,-4.51810168,1.93450319,-5.66504695
-4.52808819,-1.34025966,-4.00412244,-3.76538729
-1.14752402,1.56718022,-1.86181298,-6.10888178
-4.72264184,-1.74362860,-4.31925816,-4.80899505
-1.97711192,1.65696965,-6.11393296,-1.40651311
-4.72532205,-1.83455606,-3.19083063,4.02935560
-1.60083473,1.72220308,-5.11651661,-3.77703164
-1.76259687,-4.86093220,6.45921632,0.70068888
-1.49954961,-4.49547698,-5.28905723,3.58345353
1.25937106,-1.63940402,4.06071532,-4.34674955
-1.49894499,1.49200503,-1.37557104,-5.64468095
-4.21142154,-0.75142047,-2.84378407,-5.61275939
-1.26044222,-3.98701487,-5.56900303,0.75914951
-1.22265517,1.63319761,5.47558125,1.68151697
-0.95905813,-4.12536108,3.79718463,4.05575668
-4.02470334,-1.50677371,-2.22726296,-6.09234919
1.41524401,-1.50233759,-5.03754812,3.30221366
-1.30389848,1.53618653,0.81559994,6.49454998
-4.51315593,-1.40406482,-4.28656291,4.23891541
-1.50913742,1.49705782,4.76808597,-3.56830384
-1.72675563,1.27014544,2.69617053,-5.33669398
-1.30693743,-4.44480286,-5.57132836,-2.03403486
-1.50087601,1.47095223,-2.70786511,-5.10690408
-1.37362975,1.50929990,2.69996840,-5.46306248
-1.08174102,1.23189382,-0.01936311,-6.10059421
-1.72690535,1.62081341,-4.86448771,-3.84144186
-1.52169378,1.48464249,-5.27680159,-3.03195088
-1.55928102,-4.30477426,4.64991029,-3.54661512
1.38257613,-1.19231862,-5.60447151,-0.65504464
-1.05972147,-3.92132388,3.32113301,5.15738542
-4.35879456,-1.48370223,-2.02383114,5.58980965
-1.49754457,-4.38207704,-5.35990441,-1.85182689
-4.54773099,-1.45080320,-3.24212974,-5.30601368
-1.41933669,-4.36203171,0.74920218,-6.41812492
-4.59189098,-1.35404600,-0.48553621,6.31518766
-1.66012296,-4.62894954,-4.51330354,-4.05210547
-4.50238213,-1.36208747,-1.36100477,5.83451386
1.49297606,-1.48967112,-2.52399844,-5.66138711
-4.55771889,-1.60276994,4.76039229,-3.48550317
-1.61029633,-4.45398010,-4.10435154,4.00474150
-4.59438022,-1.87818095,-4.29864982,4.66506726
-1.27737295,1.29154584,5.47632060,2.40108638
-2.04844696,1.71550301,-4.96994935,3.22987489
1.65114902,-1.42388980,3.67148141,-4.67665075
-1.21850921,1.48197377,0.56177429,-5.60936421
-4.61708332,-1.12942298,5.85629606,1.00235865
2.02968880,-1.09456013,4.88298366,3.89919001
-4.50236330,-1.43707628,-5.07830955,2.77747371
-1.62209623,1.71960573,-1.02705454,-5.68979277
-1.43560216,-4.55333879,5.43462129,-3.09967815
-1.40542514,-4.23862810,2.13237848,5.59335087
-1.56072924,-4.32231514,4.43173043,-3.37397643
-4.65910915,-1.35347251,3.13670713,5.57645222
-1.52399800,-4.51870781,4.88311343,3.95966295
-4.53021273,-1.31091575,4.72587975,-2.88452876
1.49498605,-1.50013211,-0.44123753,6.16335593
-1.67136846,-4.37761260,0.33030907,-6.48640028
-1.58144608,1.49861258,4.81696952,-3.54897332
1.49383920,-1.52657585,-5.10622205,-2.43676650
-4.47889507,-2.03548645,4.89932978,-3.08998629
-1.40932563,1.27714818,4.07354818,-5.13158158
-4.45686688,-1.24886986,5.24770756,-1.99982745
-1.70179216,-4.44507183,-6.31582194,-0.50740058
-3.86795207,-1.47579146,-1.73600632,-5.56759318
-1.94577423,-4.62498663,-5.70547881,-2.94131419
-1.23089862,1.76562679,-0.19184834,-5.82607410
-4.40404147,-1.26215013,-3.53758827,4.78844287
-1.21626669,1.55027929,-5.36308850,-1.96491040
-1.77091529,-4.80909827,-4.32348335,-3.79191283
1.75516697,-1.34954624,4.86107337,3.93569430
-1.87100984,-4.51204548,-5.01265121,-2.54234981
-4.64514719,-1.20976721,-0.13810453,-6.38824539
-1.83878900,1.37588502,-6.10427546,-1.30803999
1.00420557,-1.32650814,-5.24878000,3.31839982
-4.56842576,-1.79164895,0.73083157,-6.50336806
-1.64288079,1.92868612,-6.48115791,0.79212627
-4.57052425,-1.88530462,-4.25383145,3.98747522
-1.65953715,1.75858950,-6.12673552,-1.92297272
1.50763128,-1.52194212,5.23947618,2.66459229
-4.56095986,-1.49204787,4.89958768,3.24785933
-1.35454783,-4.65470452,-4.51954171,3.82298816
1.50379167,-1.16837123,6.03199739,0.64700932
-4.50875807,-1.95346605,-5.69184530,-1.83522963
-4.50146321,-1.34042547,-4.36536469,-4.49232151
-4.59617338,-1.93640937,-4.71052566,-3.56671799
1.44940376,-1.73032843,5.21705397,3.22509036
1.48228142,-1.51853501,-2.54207366,5.15899638
-4.56402477,-1.48831847,0.60676636,5.93985636
-1.39425124,-4.59611090,-0.36803038,-5.68834730
-0.92154557,1.68990584,-5.75462509,-0.81912416
1.52393240,-1.52373912,2.78090088,5.94348804
-1.40467624,-4.83839765,5.81922153,2.04224679
-4.45501870,-1.24473724,-5.62039435,-0.84595083
-1.22911195,1.71405672,-5.05999347,2.88516205
-4.59118054,-1.52271945,-2.41642513,-5.28682505
-4.79583626,-1.55771740,2.84213451,4.82814848
1.46725970,-1.93054974,5.73265702,-1.61307101
-4.73715615,-1.46455801,-3.60892804,5.16486732
-4.50403253,-1.50256179,-5.27152172,3.31622342
-4.53174541,-1.50958637,-6.07309988,1.81552459
1.33031367,-1.09729269,-6.05088155,-1.56111127
-4.77227561,-1.59143213,2.51353086,5.91517888
-1.58202486,1.41994367,-2.01665986,-5.51253245
-1.59003916,-4.67596978,5.45932930,-3.38060686
-4.69664093,-1.77874397,-2.13421948,-5.53895532
-4.74569460,-1.38800706,-5.70523935,2.06362866
-1.48911568,1.53536289,4.49043016,3.97993680
-4.24518867,-1.42812174,-4.93696773,3.30980888
-1.49672899,-4.49765590,-5.24620058,2.92602176
-4.69475126,-1.74753270,-5.35255698,-3.25111888
-1.63316819,1.17689764,4.66471196,-4.13477545
1.45844027,-1.56802372,0.91734913,-6.38020514
-0.89552043,-4.33751373,5.78654177,-1.06300164
-1.59253490,1.41543301,-3.95549246,4.44208546
-1.41745029,-4.19707092,1.57697800,-6.15401336
-1.54979166,-4.55812319,5.44134743,-2.46573786
-1.48112862,-4.42373700,0.11555847,-6.11360694
-1.51248420,-4.75608256,-2.68854707,-5.21906712
-1.65169753,1.50263870,5.67010517,2.50993949
1.30655272,-1.70330660,-1.21425178,-5.87836541
-1.30541844,1.52093047,-1.81662290,-5.76653118
1.71979209,-1.46603341,2.06663158,5.33828083
1.36073444,-1.07498695,5.89589645,-1.69517612
-1.46397342,-4.51077544,3.79406418,4.78344270
-1.53507427,-4.52798568,-5.64774826,-2.88507357
-1.46790922,1.48175228,3.72452593,4.35619262
1.35934115,-1.40802586,3.98185528,3.86648804
-1.30007245,-4.32788295,5.46795040,2.64965441
-4.64362921,-1.44531605,4.15986926,4.19358939
-1.33737993,-4.17074266,-2.93668529,5.19717217
-3.91345292,-1.60423143,-6.38980402,-2.53334017
-1.48276346,-4.61922193,-3.40334994,-4.12674045
-1.46202062,1.49499566,-3.03340889,-5.30402055
-4.47622050,-1.52192401,6.12612546,1.65797426
-1.56395272,1.89350996,5.66216368,2.45462023
-4.39097303,-1.55439926,-5.35297344,-2.31654731
1.56952693,-1.60335196,-1.37494862,-4.80928484
1.53170133,-1.43163422,4.33037322,-4.25554385
-4.92585058,-1.60996199,5.37180273,3.24934232
-1.59832178,-4.45522011,-1.15716396,-6.34236188
-2.01859056,-4.66301994,2.43523237,-5.41793459
-1.48965218,-4.50350092,-2.98379637,5.20230408
-1.52659970,-4.47535939,-6.02725765,-0.75468215
-4.58806962,-1.45837922,4.61569847,-3.98596717
-4.52941074,-1.45433366,-3.15311999,4.68977532
-1.65427661,2.01296853,3.98609076,-3.80988906
-4.42554430,-1.16384118,5.64965128,0.27748327
-4.46945505,-1.72190385,-2.92703071,-5.12788559
-4.66653073,-1.44745810,-3.71402926,4.53077020
-1.70375642,-4.07567846,-5.66696203,-0.45069432
-1.46983385,1.43690559,4.09486029,-4.18028899
-1.61611466,-4.48438200,1.73868628,5.27810375
-1.71332772,1.29090640,3.77351513,5.31919099
-4.64352535,-1.39858210,6.62495024,2.07045810
-1.25587716,1.22130915,4.13410166,-4.53549544
-1.52399263,1.51500760,0.82776091,6.30687804
-1.27981962,1.70944415,-6.45685058,-0.74294831
-4.26461419,-1.97087592,-1.82917456,5.82281275
-4.22789040,-1.74393168,-0.34791485,5.74596776
-1.47984371,1.60636784,-4.05090090,5.18308736
1.62203375,-1.51513999,-1.80703874,4.94924367
-1.10454114,1.54081744,5.25317527,2.78065804
-1.75611512,1.91046825,-5.43058925,3.02025373
-4.61317191,-1.45546139,-5.65800028,2.63098560
-1.56333342,1.48097550,-3.85974153,-4.58688284
0.99962675,-1.71550600,-3.63916822,-4.80944048
1.75052271,-1.71394434,4.25245769,4.59032307
-4.90568143,-1.82830972,5.77489140,1.56308831
-4.67628866,-1.95492641,6.12769544,1.25932819
-4.98508436,-1.65960797,-3.49763159,5.41276249
-1.39083957,-4.41982312,3.45500651,-4.84069778
-4.77728601,-1.87169987,-5.76377137,-2.72449745
-1.71328471,1.33860884,4.04436809,4.70396864
1.73120961,-1.41863863,-2.13698089,-5.57367359
-0.88683771,-4.34664305,4.89661085,3.50945099
-1.46364363,-4.48746684,5.59943745,3.23366781
-1.70542162,1.70188420,0.14782290,5.76712896
-1.48325994,-4.51125305,5.87829474,0.14143055
-4.60750345,-1.39703810,-5.46599270,1.68854167
-4.02318565,-1.78759330,4.59050143,-4.43931193
-1.35268200,-4.08736367,4.53000569,3.42600130
-4.47704677,-1.38494581,-0.16761253,-6.21364860
-1.33128863,-4.44573370,-6.56612219,1.63368172
-2.03347228,1.49470420,2.27162306,5.82873101
-4.73276578,-1.16734176,-4.83806838,-3.80475477
-4.58920698,-1.56410765,5.11513462,-0.77528523
-4.53331285,-2.32827829,4.81375006,4.23729941
-4.34276995,-1.39281847,0.52245435,6.05493376
-1.61229051,-4.64346748,-4.42243792,3.69452735
-1.01779905,-4.22380948,4.94996970,-3.17904153
-4.34693512,-1.53505351,6.05889690,-0.90778168
1.43320371,-1.33798527,-0.78332855,5.79743786
-1.52478205,-4.50440869,0.26009735,6.43420525
-4.68867417,-1.38187204,-5.40524514,1.59190099
-1.58425327,-4.50735058,-1.11474194,-6.11123711
-4.18035361,-1.59568879,-1.31795219,-5.61967520
1.59885519,-1.26581268,5.71651573,-0.35434853
-1.86347269,1.46583651,-4.49732563,-3.32060115
-1.99857844,-4.76252212,0.54260113,6.32707498
-1.53419771,1.46095948,-3.53578055,-5.26432409
1.60943182,-1.27570623,-5.47581761,-1.60129333
-1.43289974,-4.24167109,5.31026171,-1.56044711
-1.10214855,1.79301382,3.32882698,-4.43773304
-1.38952669,1.69365471,5.25356618,2.33306321
1.37847156,-1.48164714,-3.76806837,4.92059117
-2.10643447,-4.52492470,5.51099998,1.49139146
-1.70026178,1.42555920,-4.87121240,3.53570306
-1.74968360,-4.59126615,4.99857650,-3.85253269
1.34487290,-1.44021081,-5.15446692,3.85795306
-1.44622078,-4.44040180,-5.41491796,2.90546479
-4.62088505,-1.46723569,-5.52323559,2.65782930
-1.58472896,1.44063291,-5.43820437,-2.44508547
-1.40991921,1.54495654,5.10447867,-3.08439418
-1.33233805,1.57947382,3.57693303,4.87608606
-4.44139227,-1.70418536,-3.76925091,4.67931712
-1.50263080,-4.49819867,-0.83564647,-6.33590236
-1.43587094,-4.34387528,4.81377874,3.31285789
1.86701504,-1.37959424,-0.67882983,-5.35604935
-4.23467190,-1.27671145,3.95115249,-4.04122158
1.41810460,-1.49512315,-5.45507720,0.96187274
-4.68134347,-1.10948791,0.27680466,5.56271685
-4.63741432,-1.19055265,-5.72990601,2.97060126
-1.33998269,-5.01206523,-4.98292318,-3.87960948
-4.65558666,-1.25153302,-1.01450301,6.07793490
-1.33245792,1.77131553,2.46024170,5.55152553
-4.32137876,-1.25593781,-6.66473386,0.21035174
-5.01095086,-1.57343699,-5.35415910,-1.42631926
-4.44553407,-1.12954305,-4.43430855,-4.12204780
-1.29514236,-4.39756999,-1.61591752,5.15394451
-1.74482990,-4.93361505,4.89363172,-3.85786412
-1.49106862,1.37521251,5.88020552,1.16846115
1.37317964,-1.51346073,5.67072642,0.19768385
-1.54493489,-3.81823791,4.50543862,-3.66710846
-4.88423314,-1.38900569,-1.48575932,-5.80887076
-1.59860521,-4.39624811,5.86555156,-1.40103733
-1.05496009,-5.02231574,2.87449157,5.07500721
-1.46204914,1.49147302,2.28327852,5.42240536
-1.54090736,-4.53377671,4.96646688,-3.15050441
-1.27101632,1.55368708,5.87912753,-1.92935279
-1.38182691,-4.68211326,-4.69565856,-4.17419085
-4.91083752,-1.76762335,-4.17532681,-3.96882750
-1.53906593,1.35391780,3.35475195,5.02505115
-1.47646561,1.42560224,5.63261608,2.89354348
1.67626778,-1.20288653,4.91609222,-4.13414244
-1.97581253,1.37302434,1.52117257,-6.17534191
-4.53873465,-1.47972283,-0.85611931,6.19806390
-1.22543606,-4.95788672,2.80841208,5.04384781
-4.57977099,-1.39842782,-4.12240146,4.44106357
-1.51837766,1.55353314,-1.34032813,-5.26704491
-4.41391108,-1.53845610,0.33164084,-5.80796503
-1.22053089,-4.56642710,5.27530996,-2.24329543
-4.58083982,-1.49569162,-6.67732495,0.45296160
-4.48775928,-1.54771600,-6.18564345,0.82417592
-4.47163922,-1.41777589,-5.83017150,-2.43401029
-1.47723666,-4.55654515,5.78957058,-0.64720579
1.10102591,-1.63463672,4.96192845,3.88599703
1.57321441,-1.60915665,-5.69330853,-0.31601737
1.64457092,-1.83667197,-3.82388658,4.85280172
-1.57193149,1.49483027,-3.25452470,4.00635435
-1.57553509,-4.53512548,5.70058407,2.85150697
-4.63566169,-1.52168494,-1.66073705,5.30247149
-1.77594655,-4.47382405,6.05344819,-0.26026357
-1.53340061,-4.42225481,-2.04357387,5.50604660
-1.47424697,-4.48281062,-2.87052203,5.32361457
-1.38380442,1.73499231,-5.37975583,-0.33431858
-1.70723147,-4.38413114,5.94715559,1.70677356
1.47957098,-1.53142237,3.10889723,4.85658058
-1.50010240,-4.51805731,-3.42491714,-4.77459099
-1.69386782,-4.31083896,5.32946006,2.58065717
-1.55065906,-4.58462772,-0.30919224,-6.40352165
-4.15718184,-1.65511781,2.74632495,-5.40526709
-1.34948110,-4.42922652,-4.01487416,-3.90389124
-4.57061015,-1.50739387,-5.33383908,3.25375096
-1.24527824,1.00408195,-4.70535453,-3.15291338
1.46175811,-1.50371377,-0.68653269,-6.33204484
-4.78704648,-1.63900251,5.91867893,1.64991108
1.86501157,-1.24205615,-5.81408297,-2.28590801
1.46487570,-1.47947500,5.80016449,-2.37519665
-1.56722819,-4.38976878,1.03301412,5.35398990
1.63756612,-1.33475144,1.43304692,5.59634960
-1.43920455,-4.62685633,-4.51077381,3.57303402
-1.76716190,1.43416750,0.64733831,6.17776160
-1.31490063,-4.31353138,2.40850326,-4.96683568
-1.60339462,-4.84682205,-3.13413734,4.77647564
-1.50908526,-4.32851836,-3.56790085,-4.62479289
1.66815218,-1.51502116,1.80240501,-5.98969718
-1.41159909,-4.59157945,-5.74444952,-3.08559441
-1.52996849,1.52576572,-5.24238743,2.84976063
-1.14498944,-4.32734119,0.64027898,-5.67797111
-1.63581560,1.55110144,5.30653584,2.95188109
1.43990365,-1.41907483,-4.91682263,2.24747825
-1.65780010,-4.78856481,-2.89282265,4.62714377
-1.61926422,1.73357740,5.37365497,-3.57364717
-4.50429851,-1.49545859,-1.01360307,-6.06568584
-1.61463758,1.51367483,4.67784850,3.72587790
-1.73268542,1.10888710,-2.36677823,5.28034602
-1.47333942,1.42954082,-5.77485644,-1.97821217
1.50300836,-1.49736356,5.51884982,-2.34113558
1.33173620,-1.76194585,-2.98088876,-5.33541188
-1.38695505,-4.28572821,-3.39719815,4.99274005
-5.19820013,-1.73692835,6.19615748,-0.98195951
-1.21390590,2.10817651,4.25761960,4.41756331
1.01785664,-2.01316351,-3.88908653,-4.17633888
-5.25836539,-1.39108017,-3.55225289,-5.05652206
-1.64361968,1.62150779,-5.62426561,1.29491889
1.49448421,-1.51950238,2.04446679,-5.40748925
-1.91903356,1.44592001,2.56510706,4.90950459
1.19305785,-0.87308106,-5.94695508,-1.11685178
1.25944725,-1.39754454,-3.80604898,-5.38537959
-1.51212528,-4.49177537,-5.17706257,-3.84322816
-1.42689035,-4.20884378,-4.77984708,3.71459492
-4.80327472,-1.36628747,-6.24133355,-1.07558656
-1.32937448,1.83520410,1.15970506,5.28329475
-1.78529915,-4.14705589,-2.10213054,-5.83564290
-4.53714674,-1.25587110,-1.09432864,6.03524806
-1.39353973,-3.86752741,-6.22046427,2.33817977
-1.71680151,-4.70594938,3.49402338,4.20177901
-4.51497331,-1.54030751,-2.97856253,-4.91783428
-1.62538412,-4.43683342,1.38887003,5.61542845
-4.61142580,-1.49308692,-5.37918037,-3.80639299
-4.18458168,-1.83946945,5.92382169,0.00186794
-1.49929908,1.50721118,4.63731731,3.51017469
-1.41456484,-4.59847827,5.67528365,-1.52304048
-4.41221415,-1.14285583,4.52161336,-3.75458996
-4.52893894,-1.68805152,4.62670361,3.61759402
-1.30316018,1.35705027,0.20224595,5.79146892
-4.50753715,-1.24802766,3.40314765,4.41046063
-4.16032110,-1.08921029,2.91776254,6.02187217
-1.54745880,-4.35434424,-4.73394363,1.95230921
-1.44006296,-4.41754087,1.09727699,5.98324448
-1.56661908,-4.16547927,-4.40053735,-3.42281242
-4.35780444,-1.35940228,6.09726140,0.99713289
-1.43268787,-4.93342189,-0.56083608,-5.59218898
-1.05469657,-4.77885097,-3.93556632,4.11264030
-1.60852649,1.48054229,2.24453199,-5.75334209
1.48976791,-1.73785450,4.19571716,4.15494803
-1.16675987,1.07112143,1.65323185,5.78251399
-1.43193182,1.48247600,-5.55695026,2.18871614
1.42405432,-1.24513348,-5.08687040,3.09897590
-1.60250178,-4.14946102,2.33552821,-5.64057050
-1.14292456,-4.22749073,6.72439700,-0.60693550
-1.20744528,-4.53830270,6.11069080,0.11073211
-1.74875072,-4.27557083,1.26011608,-5.62726133
1.58357784,-1.12886106,-5.51060001,1.80130388
-4.31447726,-1.39083630,-0.28520263,-6.21181492
-1.44308206,-5.18161425,3.11248784,-5.21172882
1.50958224,-1.85129959,3.70790916,4.21903081
-1.76624948,-4.58470133,-0.75478489,-6.17826168
1.37170559,-1.59239073,-3.48350859,4.86427836
-1.54856138,-4.31295109,-1.05212543,5.85937149
-1.77990608,-4.70069791,4.91325080,3.63092941
-1.56379377,-4.64064515,6.23220984,2.04804224
-1.52823589,-4.51755917,-4.74963262,-2.53860802
-1.54492424,-4.51490946,2.52709259,5.24142442
-1.50113204,-4.50081525,5.57173875,-0.65236948
-1.52355364,-4.53540977,-5.31764983,3.04772571
-1.66956517,-4.96095035,4.31518143,-3.98457115
1.11685189,-1.52347206,-5.75037022,-2.99490168
-3.90321593,-1.54178617,-5.62822941,-0.85272993
1.74155134,-1.87608060,-1.54531678,-5.65459923
-4.26059710,-1.47957409,1.19376850,-5.49238781
1.44616656,-1.52825186,-4.26276008,3.87342977
-0.94923519,1.63338998,-1.47046240,5.18085179
-4.61061925,-1.42741557,-6.09961670,1.38478382
1.87765096,-1.51312874,-2.02786035,-5.27389857
-4.72268800,-1.56682989,-2.25069881,5.44321559
-1.56469083,1.29595519,-0.70440941,-6.10944547
-1.17267284,-4.32224393,4.30225842,4.63349736
-1.56374834,1.41500653,-6.13474599,0.71414945
-1.56777873,-4.67463205,-2.31364363,-6.06918027
-4.39397221,-1.80267310,3.24429444,-5.20276135
-4.49922241,-1.48190352,4.87559893,4.18382379
-1.69802715,1.43388622,-6.12516926,2.93319874
-4.73154447,-1.26420019,-0.77424914,-6.08605988
-1.62012537,-4.56801792,0.79567352,6.00499343
-1.22342083,-4.49103658,-2.34795801,-4.88949079
1.44169551,-1.38825596,-3.30986117,4.93979055
-1.32027174,-4.50354777,-5.51320046,2.25555757
-4.98987767,-1.45713942,-6.15454216,-1.23066751
-1.27313485,1.64570305,5.09481381,3.56060188
-1.52732562,-4.48334603,-4.85834709,4.15894129
1.49237670,-1.51652141,4.40390845,3.53222571
-1.54788960,-4.11721015,-4.75427363,-3.26868830
1.45426640,-1.48331259,-2.29947308,-5.19350985
-1.20310816,1.31170939,6.12081120,-0.02267211
-4.72297819,-1.40337660,-1.09891593,6.16224681
-4.49581908,-1.49280229,-5.34486871,-3.35023452
-4.73829565,-1.44215129,-5.37888413,-1.64726892
-1.87804815,-4.45382688,-2.37643269,5.91031642
-1.18819820,2.02892098,-5.20492978,-0.25467798
-1.45149794,1.71370184,5.41666935,2.26903016
-4.27813308,-1.29142931,-1.03922738,-5.21972624
-4.12205944,-1.79454101,4.73634548,3.56528400
-4.66023718,-0.89091379,-2.32347774,-6.00518554
-4.24204368,-1.58629939,3.53682939,-3.76866714
1.56007383,-1.56454277,6.15614139,-1.55012994
-4.12282541,-1.21351690,-0.99653051,6.33543780
-4.50399321,-1.57643802,-5.59173287,2.74688269
-1.83477179,-4.28585213,-5.97814623,1.38003488
-1.30490395,0.86312632,4.13342570,3.85131015
-4.08901097,-1.13271903,3.96883524,4.45008166
-1.79864269,-4.95255982,-1.40485158,5.65533627
-3.88501662,-1.28979991,-4.55977074,-3.38001306
-1.33916336,1.66850513,3.03659900,-4.91839681
-1.51669412,1.57947489,5.97176136,2.08186661
-1.49155837,-4.48250847,-2.33392944,5.37545739
1.48235604,-1.46321784,-5.30269388,-1.28887194
-4.68533662,-0.88613208,-5.39524703,-3.12924995
-4.73012244,-1.79577847,-3.64776139,4.70200170
-1.40346417,-4.34097537,0.48032686,5.94423105
1.80954761,-1.44146275,5.99656866,-1.96291493
-1.95609838,1.70132674,5.18434559,3.62472858
1.35701121,-1.83524673,3.49904178,4.20082717
-1.29028096,-4.53868701,3.54423277,-4.24505217
-4.45056817,-1.55094281,5.15248738,-2.31303413
-1.22911176,1.80458605,-6.28402319,-0.39778901
-4.38592727,-1.89253528,-4.99392050,-2.52709550
-1.72862328,1.36646095,5.03706154,2.18734699
-1.51876680,1.49990935,-4.94582177,3.99758842
-1.38200961,-4.25538188,-3.94387528,4.53730666
-1.54869162,-4.48363054,6.19109598,-0.06619076
-4.32097770,-2.06853958,4.62725877,4.16631187
-1.52376555,1.60212603,-4.08231525,4.19761465
-1.52276206,1.35274140,-1.76599334,-5.08692734
-1.41056553,-4.61070941,5.99664754,1.20917854
-1.55192440,1.58793206,4.91938875,-3.66040488
-4.65071126,-1.61899158,-5.05818016,3.02629196
-1.74733193,-4.63715616,5.41643427,2.85846333
-2.18128372,-4.71913383,-0.13813295,-6.35721076
-4.64471047,-1.40303070,-6.01372421,2.01225761
-4.38048341,-1.55942115,4.84133353,-2.00990139
-4.21518932,-1.65079099,-5.30933705,-2.63030068
-4.45301801,-1.39981973,0.62920698,-6.62935900
-1.36952595,1.19963018,5.17821586,3.11531526
1.74486277,-1.30851820,-5.56964082,2.56545626
-1.39520955,-4.56792457,5.53034741,3.37990023
-1.67779473,-4.43331591,-5.69820756,-1.96276493
1.32944144,-1.44572360,-5.74647350,-1.14918331
1.68958593,-1.59329633,-5.89294883,1.46981606
1.38697806,-1.15419739,-2.26760340,-4.35525802
-4.28977385,-1.96871374,-4.41785433,4.36369396
1.19547783,-1.37957640,-5.39401825,1.67013616
-4.85935492,-1.39641781,5.26700234,2.84407592
-1.90479723,-4.28227016,-4.15746286,-4.53546388
-4.01557632,-1.58492826,5.68901948,3.92334213
1.23825144,-1.42085857,-1.94284450,-6.27731208
1.67193130,-1.71066524,-4.89518335,-3.22382056
1.50480524,-0.89989882,4.70870701,4.16847968
-1.48145203,-4.80276685,-2.07170585,5.26043060
-1.52329741,-4.51761764,3.34112287,-4.55616912
-4.40635783,-1.50246283,6.06443250,-0.76641824
1.50480755,-1.38123313,4.75307643,3.50943238
-4.53674575,-1.26477276,5.69891418,2.20485059
-1.20469892,-4.63748825,-0.89068968,6.15528447
-1.34678335,-4.72449538,-4.47620952,-3.80787702
-1.47316816,1.99168787,-0.42115449,-6.28903878
-1.49309522,-4.46608541,-5.53754559,-2.50126065
-1.70346179,1.16107826,-5.83994591,-1.29904841
2.06343376,-1.49738426,4.72767532,-4.05598802
-1.38611640,-3.71733838,-1.59719777,6.02725385
-4.43934079,-1.96766479,-5.72005543,2.58771794
-1.36339581,-4.56402188,-5.13642417,-3.10882923
-1.22714082,-4.28970603,-0.72944783,-6.24833201
-1.41546050,1.20015424,-5.80046963,-2.00039559
-1.41410240,-4.53643579,4.12716497,-4.97456159
-4.92986267,-1.63908733,-5.90224466,-2.08642548
-1.55066634,-4.61564814,-5.17571616,2.78596013
-4.19814159,-1.46624616,6.02165529,-0.91292345
-1.53111908,1.61062099,1.02461237,5.93600067
1.20426095,-1.63063921,5.23216526,3.00808825
-4.34536423,-1.69697589,-2.78437266,5.71396792
-1.76807498,1.85869766,-0.14510899,-6.48553412
-1.63283667,1.97869108,4.77772434,3.63276913
-1.52342331,1.24363643,6.19959646,-1.08815213
-1.49283545,1.56973419,-5.44136349,-1.43276863
-1.49492060,2.20566326,-1.84657541,5.06140109
1.54861621,-1.45389743,-5.84608489,2.15762949
-1.48584635,-4.51020148,5.85740708,-0.42434127
-1.45852290,-4.66506373,3.33100015,4.74832030
1.57502201,-1.12253143,-3.91091471,-4.69902309
-4.54840374,-1.55162278,-6.16277919,-2.41740329
-3.98953458,-1.85135429,-2.11522416,6.37661209
-1.48117333,1.58780119,-5.34983255,-3.01253692
-1.68308702,1.42881716,-2.02686960,-5.36289047
-1.54128527,-4.49509035,-4.70647690,-4.00471364
0.88916432,-1.57255652,4.10117359,-3.99448650
-4.85479988,-1.42425279,-0.60499924,5.55851327
-1.37451088,1.86164067,-5.59349489,2.87013753
1.49988459,-1.51175923,2.22706849,5.07178166
-4.58293057,-1.50176468,4.13269730,-5.40437900
-1.50452354,1.52181324,-4.58988424,4.96433071
-1.55075844,1.60804560,5.42604254,-0.17717206
-1.44890118,-4.92786772,-3.06026728,-5.42912979
-1.92106866,-4.85916943,-4.00436803,-3.16844502
-1.39055154,1.40700409,0.00340693,-5.56282019
-1.85342510,1.46802697,-5.37199856,3.42307424
-0.90060821,1.72903635,-3.67510658,-4.90090033
1.43196636,-1.43000751,-4.45369335,-4.35215137
-4.49236604,-1.59240781,3.58088897,-4.55103796
-4.56919523,-1.15817588,-2.63783497,-4.92920603
1.54502255,-1.41947787,-5.53262460,1.54215137
-4.53346223,-1.52567244,-0.47166539,5.25045162
1.66068282,-1.71287663,-4.98275408,-3.53718473
-4.76298143,-1.43598489,-6.50343429,0.82752279
-4.50061698,-1.29020490,0.52588563,5.77619237
-4.24558074,-1.19278696,-5.69737724,-1.63215502
1.58003379,-1.49848200,-6.24715721,0.73570349
-4.38149353,-1.53615626,3.84149214,4.36730598
-1.29371937,1.88502150,5.76731364,-2.12264709
-1.49361467,-4.50170248,-6.24632248,-0.12766487
-1.51815812,1.88427139,-1.86303533,-5.44168969
-4.53517297,-1.57545336,1.49701388,-5.70504234
0.85512542,-1.14025379,4.61956540,-4.03650763
-1.64941594,-4.56758724,-5.44853062,2.59521261
-4.07446230,-1.31111923,-4.85191610,3.47790321
-4.51120233,-1.30130971,-1.16027824,5.51768023
-1.21192833,1.29977709,-2.61302033,-5.26203876
-1.36462022,1.81314020,0.62223973,-5.95339200
-1.27495629,-4.61135650,5.34573407,2.64680163
-1.36801322,1.93454140,-3.82205114,4.27879384
-1.52115176,-4.46540689,5.56159827,-1.98355232
1.25690515,-1.66876049,-5.61026749,-2.55502610
-4.48050489,-1.55148228,5.50517537,-1.68582719
-1.75040705,1.53771926,5.69766457,1.52680021
-1.45186569,-4.55496398,4.66501163,-3.34065583
-1.38496645,1.47498953,-3.11895258,5.18498162
-1.46159763,1.51362706,5.10831144,2.12219026
-4.66137822,-1.57502146,-0.45896176,5.95689643
-1.55112530,-4.74587293,-5.25114465,-3.44265866
-1.96436327,1.38505669,-2.33477484,-5.87045050
-4.59304160,-1.17547729,4.09886733,-4.03948054
-1.41602994,-4.49712094,-6.23211382,-0.76676013
1.78016178,-1.54708862,3.98802618,5.19661901
-1.53402277,1.49070424,-2.12340860,5.78184546
-1.57668116,2.29766751,5.62912219,-1.85858168
-4.09274012,-1.58523631,5.32057117,-1.40410848
1.49450332,-1.66889008,-1.80629589,5.76668183
1.50077843,-1.49267423,0.05048147,-5.72013759
-1.71881321,-4.93401923,-5.08371317,-4.47180084
1.84138499,-1.56528271,0.19918324,6.43451158
-1.51721335,1.54945862,3.65489207,-5.24415716
-1.46717367,1.63176740,-1.19287715,-5.56540155
-4.43274983,-1.33752169,4.74223279,-4.04492467
-0.96067573,-4.80442613,5.16347894,2.80168454
-4.51351201,-1.42751141,5.43072150,3.00482657
-1.50612095,1.50391821,1.87798822,5.49941962
1.38092106,-1.95096737,-5.93851697,1.75953613
-1.45314468,-4.69339666,6.28682227,-0.84430343
-1.49434285,1.50589722,-0.33622289,5.90884238
-1.53544209,-4.50473594,-2.74084825,-4.96011268
-1.53783826,-4.49968203,-6.03299170,0.69232399
-1.35174709,0.94105004,0.68092729,6.17231168
-4.47968111,-1.53828355,-3.99702518,-4.39331262
1.59685723,-1.48966446,-1.50756697,5.66377586
-4.44931535,-1.66478832,-5.73471116,-1.31406340
-4.54579597,-1.49559827,0.20160694,-5.99170588
-1.61687253,1.61089191,3.78661656,4.99397708
1.21524166,-1.59186946,0.99504598,6.24751181
-1.37879073,1.36213463,3.60206313,5.05641286
-1.46857059,-4.48205439,-0.03809303,-5.45674533
-1.10493037,-4.94954706,-0.07596691,5.82360724
-1.73527082,-4.41451629,-0.28115537,-5.92535799
-1.73506271,1.58031977,0.71639721,5.61262172
1.32913506,-1.45512418,0.78096749,6.08360286
-1.53480477,-4.65030139,3.14838239,-5.24760418
-0.81282528,1.67939661,-3.91241478,4.12812974
-3.85069363,-1.17827992,4.80883119,3.29830327
-1.53663446,-4.36235420,-3.01420021,5.58200435
1.54857464,-1.07758958,-5.08489764,-3.65946546
-1.78375957,2.31338792,4.06155788,4.96195609
-1.27440454,1.23003815,-4.80650318,-3.47888489
1.47533460,-1.33151837,5.69907822,0.01342124
-4.58853773,-1.15981435,-5.13718518,-3.51578647
1.21632301,-1.86380663,-5.05624427,1.72707212
-1.47539787,1.46961916,-5.54574407,-1.78546460
-1.58937401,1.48221257,-2.32005630,-5.56709127
-4.49465368,-1.54990752,5.66154626,-0.13345480
-1.60177615,-4.54605191,1.56172406,6.25734545
-1.65865492,1.62199067,4.09951981,-3.63169899
1.57739136,-1.48978843,3.56185713,4.41094106
-1.39953101,1.27832522,4.64797113,-3.65927709
-1.70196926,-4.51297452,5.95652980,-0.37128040
-1.51001217,-4.47800700,2.27759388,-5.26937153
1.14430437,-1.72600164,-5.97169997,-1.40394430
1.05966213,-1.28380932,6.23251371,-1.89005337
-1.35823869,-4.63072982,2.88970821,-5.00018422
1.31190782,-1.58218410,3.76748497,-5.00989919
-1.44481570,1.10113000,-5.86171005,-0.62301203
-1.61250260,1.98003870,-6.05122264,0.22255816
1.38788130,-1.71145012,-5.96658415,2.46986459
-4.58485530,-1.57871996,-3.05229047,4.48987782
-4.52178231,-1.43357210,4.59670069,-3.18543290
-1.56204991,-4.77734220,5.42655892,2.82773618
-1.47082799,-4.32130605,-5.93054554,-1.64595359
-1.57719645,1.53520418,-2.59483107,5.32010510
-2.03495847,1.45461031,5.61673947,1.52715517
-4.48723936,-1.61220221,-6.00281001,0.66750256
-0.67295567,-1.34013550,2.73036835,-0.36503901
