-2.11259990,-4.04621686,0.06295433,-5.65998577
-4.60479631,-1.58439531,4.67316360,-3.31981487
1.25432384,-1.37970722,4.73995617,-4.20497244
-1.14722272,-4.37447370,-1.91857175,5.60977514
-1.60234559,1.23630599,-3.59027065,-5.14188708
-1.43530163,1.41067613,1.94331956,5.50238205
-1.49990512,1.50000706,3.48519028,-5.38968430
-4.28507218,-1.19161481,4.67470974,3.95042901
-1.35465382,-4.20626966,-4.74213487,4.09847206
-4.54284068,-1.46781320,-3.14261415,4.96462879
-1.27365934,-4.54135226,1.82498038,-6.00643884
-1.54599572,-4.55135362,5.73592347,1.90517603
-4.25374405,-1.39973603,5.68899411,-0.74165052
-4.45573639,-1.12464255,3.38434928,5.03639975
-1.52146677,1.50380102,4.37756451,-4.13825829
-4.45570112,-1.54097929,0.59111315,6.16337160
-4.24207678,-1.42845453,4.83572550,-4.04858908
-1.57322267,1.04074447,-1.63621884,5.56981298
-1.76309249,1.97514240,4.09301014,4.33334912
-4.19499265,-1.38658655,6.20661596,0.69055899
1.50924124,-1.50031978,-0.38488028,5.71852422
-1.54360784,1.33802513,0.76056922,5.26267462
-4.65700673,-1.43517248,-2.97398331,4.76988498
-4.91151607,-1.25498238,-1.56517823,6.20723178
-4.39077107,-1.78064116,4.77884561,2.84277632
-1.31417448,-4.61801206,-4.45431807,4.03245534
-4.66484750,-1.89919885,3.48759690,4.66431297
-5.07018694,-1.43102132,5.34019926,-1.77518373
-1.44072808,-4.67092307,-5.44856061,-2.10958508
-1.51408876,-4.72747590,5.98270950,1.08774779
-1.39861744,-4.45242515,1.31649278,5.99130394
1.31710721,-1.40137977,2.26883323,-4.81430371
1.42707631,-1.63876601,-1.89502803,-5.54339454
-4.39325783,-1.32608010,-5.87904527,-0.38896326
-1.67730621,1.40108732,-4.72855425,-2.75183116
-4.77049234,-1.72586861,2.48129791,5.39676776
-1.52663145,-4.47180818,-3.50822616,-5.11860628
-1.57447719,-4.43561097,-3.80057686,4.58492845
-4.61958960,-1.75053066,2.25546917,5.60251402
-1.35741396,1.54227812,-1.62419172,5.75333337
-1.64220986,1.63568473,-2.74369540,-5.34585750
-1.67505558,-4.70009211,2.38236240,5.67015849
1.29395875,-1.48870996,-5.48744339,3.17337615
-1.11712187,1.45203527,0.63320686,6.42268072
-4.60157264,-1.47769437,-3.36600931,5.06428083
-1.08605676,-4.69783129,3.67933846,5.11086130
1.60621825,-1.68132088,4.82063368,3.42106200
-4.81295898,-1.65952986,-0.22974554,-6.48386672
1.48113007,-1.52722657,2.07781724,5.57442724
-4.37655622,-1.50242280,2.25066722,-5.55529148
-1.51702405,1.48722305,-5.42306855,-2.14031496
-1.45290377,-4.46660219,4.08818815,-4.26902981
1.36875475,-0.93951094,-5.98051048,0.62203003
-1.41635262,-4.58884654,0.04626681,-5.81228814
-1.48956137,1.50817439,0.70977379,6.08142759
-4.04826070,-2.04501498,-5.67916047,-0.20409758
-1.44380970,-3.90978006,1.71571422,5.59005256
-1.48254641,-4.66269405,4.96178418,4.03669087
-4.65065054,-1.40622455,5.40774928,-2.04179597
1.64313241,-1.37410953,-0.18057519,6.11317720
-4.55676806,-1.50724904,0.26784626,-5.34217275
-4.51617922,-1.48722748,6.35241774,0.33842014
-4.49985176,-1.51186987,2.67344292,-5.21357764
-1.34342571,1.57708954,-3.53739365,-4.88908661
-1.56952538,1.56436024,-4.10350449,-4.03311516
1.50337001,-1.51515066,-0.16858063,5.71809994
-1.54252328,1.47324073,0.90105081,-5.79506211
1.45255951,-1.55033659,-5.04980698,2.89347898
-1.25696453,-4.75360255,-3.38760002,-4.82558161
-1.43400454,-4.59680239,-2.09274418,5.50414342
-1.66487033,1.55296229,-3.92703676,-3.72310555
-1.51798265,-4.45184889,6.28038501,-0.18311835
-4.70775044,-1.57171240,-6.07639287,-1.47607884
-1.58694354,1.47477860,3.72514518,-5.12839323
1.06098571,-1.41096775,-3.87114719,5.15714120
-1.46494319,-4.45523159,0.46148947,-5.90713477
-4.87759973,-1.30806070,-2.73313126,5.49836593
-1.53961962,-4.13123846,-1.62769237,-6.03660803
-1.46566001,1.40877029,2.25167131,-5.69330818
-1.54538088,-4.07582332,4.56481946,-3.40923302
1.41083729,-1.50432660,-1.16090677,5.93421211
-4.49461090,-1.40447691,1.65512135,-5.27180635
-1.58097885,1.47274238,6.04511498,-0.06808946
-1.51770863,1.47211278,-0.45804253,6.07235553
1.40515545,-2.36815459,5.14685942,-2.43663525
-0.77126355,1.73526673,-1.96998788,-5.43130868
1.45952903,-1.44276195,-5.85920144,1.86252514
-4.38749209,-1.41629229,5.48152885,2.62485329
-4.59412120,-2.05833406,-0.86127622,5.11705837
-1.52441008,-4.79308445,2.20541391,6.05089437
-4.51759614,-1.24258996,-0.24211085,5.71264854
-4.99068663,-1.53462990,-3.92009918,4.83435733
1.57760306,-1.58409849,0.99136127,6.67421449
-1.48431634,-4.49520109,5.60979177,-0.00530097
-1.64640391,-4.69112949,-1.47806781,5.48399008
-4.49611658,-1.55034530,5.05483904,-1.64064994
1.37322609,-1.85014215,5.75045411,1.35365197
-1.73723542,-4.53097812,-4.34841442,3.06349785
-1.34748522,-4.30263993,-6.16556215,1.70931200
-1.56116815,-4.59039170,-2.75192895,-5.14430377
-1.61904795,1.27510351,-2.72688703,-5.81718203
-1.45134403,1.76960665,1.27174313,-5.96708646
1.67251444,-1.15750173,5.84490721,1.95588486
-1.14200874,-4.57148657,-1.04366404,5.69537924
-1.38131223,1.45563828,-3.13960418,-5.31242480
-1.45858330,1.49460635,5.70850565,-2.99159617
-4.66833266,-1.73015910,2.73431741,5.70810224
-4.50850949,-1.76851729,2.09367751,-5.45504474
-1.66412343,0.98912509,5.11476021,-2.31434460
0.96609855,-1.53224165,1.80431026,-5.84161614
-1.58219070,-4.56474525,3.17951752,5.05367154
-1.23668118,-4.24101356,-4.59742526,1.96239855
-1.70422122,-4.41785966,-6.00302736,-0.42925358
-1.45829993,1.90223802,-6.08876317,-0.43493509
-1.22487696,-5.13645344,-5.75084322,1.68918039
1.07115312,-1.56716028,4.99937154,-3.33593503
-1.38679477,-4.79767784,-3.79967535,-4.76201904
1.54330195,-1.53997717,5.15953316,1.62496360
-4.50020930,-1.49975840,-4.91498745,-2.39471785
-1.16350802,1.18429908,-3.04361246,4.52099637
-4.44404153,-1.47134196,5.47931718,-2.71428714
-4.28737267,-1.40621380,-5.89111649,-0.19742930
-1.59291275,-4.18082163,2.93521134,-5.70118758
-1.59902961,1.49356028,-3.98492103,-4.11235535
-4.37979084,-1.54636294,-6.31670240,-1.19277964
-1.07035473,1.39559638,-5.75699200,1.40926839
1.50369406,-1.72735125,1.39820960,-5.56633063
-1.31783544,1.26022876,-0.44704126,5.54095535
-1.64842073,-4.61494101,-3.69644471,-4.96866198
-4.37107273,-1.66639350,-5.84132122,-0.16077513
-1.49490040,-4.47461855,4.46594699,3.78608400
-1.43593663,1.44838931,5.57301086,3.77285239
-1.44101077,1.47769870,1.96227960,-6.31086066
-4.47699071,-1.22133678,3.99437679,4.30933026
-1.08156236,1.64219064,-6.01544821,0.94913676
-1.50262981,-4.57595663,-2.27089141,6.07976593
-1.40830414,1.36509148,-3.92923218,-3.05824430
1.83527469,-1.50815432,5.34440277,-3.22923612
-4.82497527,-1.34056025,-5.42707047,-2.19145966
-1.49582669,1.84169326,-4.88645768,4.29347238
-1.22278727,1.48398049,2.98980725,-5.61135081
-4.54599595,-1.59834336,-4.97388916,-2.42181269
-4.73395773,-1.23609161,-1.36379336,-5.56120938
-1.41041421,1.07284703,5.71448456,-3.06382344
1.48776554,-1.50956631,3.73567569,-4.23486837
-1.37240585,1.24825824,3.69200102,-4.38328318
-5.22554831,-1.30249257,-5.39364017,2.26504427
-4.45456106,-1.51511397,2.98403194,-5.43900025
1.52025163,-1.55844757,3.19459561,-5.75010211
-1.21669159,1.60042837,-5.04998326,3.56397904
-1.47186965,-4.48318445,-3.25797814,-4.63296599
-1.52073786,-4.45586481,-5.70321838,-0.68937893
1.26834317,-1.52299065,5.39589818,-1.50051954
-4.67336910,-1.76333829,-4.44662855,2.93485102
-4.52502734,-1.47625677,4.91648046,3.13801313
-1.49526335,1.53422764,3.53102378,4.73707803
0.98996703,-1.74855484,-2.69717806,5.20676918
-1.69856710,-4.35698321,-5.79957361,-0.07853269
1.16054414,-1.72367901,-5.93185870,1.65110727
-0.84018665,-4.49483769,3.58686995,-5.20713776
1.20083528,-1.95437085,4.56984240,4.48398719
-1.44411464,-4.59834471,-3.92761575,-3.83160217
-1.47882666,1.47180064,1.35144597,5.47157180
-1.94826050,1.57770914,-5.10930594,-1.53354339
-1.77680020,1.61510407,4.04564831,-4.26089914
-1.37361310,1.60225560,-1.13652037,-6.53376059
1.46157178,-1.45051002,-2.05459841,-5.87973301
-3.93882505,-1.35648950,-5.10769410,3.22991815
-1.57025929,-4.39046995,5.25206533,-2.97510465
-4.46445145,-1.35256341,4.98456610,-2.54393649
-4.49726987,-1.49427679,-4.80247505,3.89594309
-4.50990011,-1.47208588,3.61827655,4.43468690
-4.39343761,-1.30228520,-6.00291403,-1.88995945
-1.45493851,-4.41776353,5.58692816,-1.67373085
1.58500941,-1.70259073,0.62321862,5.32719961
-4.51621055,-1.42130781,-5.79953470,-1.43557592
-4.50424625,-1.45639217,0.31875064,-5.98107936
-1.95897298,2.05995740,1.51898207,5.98662781
-1.55500116,1.48688440,-5.94470129,0.14070211
1.43523767,-1.62037442,6.09292644,-0.44155427
1.40501030,-1.43134612,4.16808136,-4.20050528
-4.51045299,-1.49060735,1.53982908,6.55209102
1.93508306,-1.78557050,3.98724536,4.93241531
1.27701550,-1.34309468,-4.83979953,-3.98749751
-1.69277834,1.85295853,5.99049498,-2.23531168
-3.81620122,-1.61046932,5.20032747,-1.04943384
-4.81265586,-1.80895943,2.69948398,-4.97790430
1.62497750,-1.43116311,-0.56422000,6.25413055
1.57421731,-1.21695364,0.84546621,6.04163852
-1.30379778,1.28106612,3.73694393,4.76894254
-1.50614404,1.50227474,4.68879876,3.64875465
-4.71264958,-1.38481852,-1.94634097,5.59161966
-1.70776656,1.58877212,-5.27752942,3.03849685
1.49745454,-1.45225574,-5.15226137,3.23447712
-1.54351907,1.68245393,-1.55405780,-5.72299249
1.72554229,-0.50168799,6.11655839,0.99564016
1.68435869,-1.50197290,-3.61482041,5.18356250
-1.66101802,-4.54397172,-0.10147123,-6.20904068
-1.44131502,-4.76269737,1.72180821,6.02043982
-1.46537688,-4.56415756,5.01504342,3.27029190
1.65170427,-1.69444658,0.18792960,5.98645393
-1.80741506,1.52138644,0.37056373,5.76835278
-4.49974277,-1.49862337,-5.23358535,-2.16135506
-1.36769292,1.24087822,-0.36208561,-5.76147836
-1.70914008,1.58818631,2.87973658,-5.15652086
-1.61545036,-4.61670235,-3.99901703,-4.87120688
0.83238683,-1.95789007,2.22190256,-5.36816596
-1.49664802,1.41437518,5.67374879,-1.59415292
-1.81969575,1.49956186,1.99796086,5.96855398
-4.54217351,-1.47372497,0.44106781,-5.91423691
-1.45295107,1.53175787,-5.88034927,-1.82211380
0.78590826,-1.32444785,6.38230536,0.14862905
1.94636114,-1.49527402,-5.31733244,-3.02581972
-1.57247413,-4.46223567,1.90289512,5.70096021
-1.73010048,1.41660120,3.53084456,-4.51981844
-1.11459732,2.10481591,-3.68481460,-5.51980434
-4.55087750,-1.50430284,-5.74981302,1.77227557
-4.48470707,-1.51838110,5.37404354,-3.02076708
-1.50423965,-4.54205257,4.66599793,3.01267190
-4.73045331,-1.58763315,-5.55653040,2.85969163
-1.19646574,-4.65798782,-5.70820134,-2.96675784
-1.51921256,-4.90951030,-5.89666423,2.39917660
-1.38343574,1.55946308,-3.48725775,-5.67599241
-1.59350330,1.05832531,5.71235311,1.39356930
-4.49504243,-1.45917285,-6.55189714,0.42151258
1.91357866,-1.08503197,1.14696295,5.52020382
-1.82811793,1.86433516,3.50218611,-5.54795104
-4.57999813,-1.49184200,5.70825413,-2.69727225
-4.71513640,-1.48012478,5.89023329,-0.62535352
-4.06368847,-1.27530281,5.28092213,2.52976670
-1.35252543,-4.67704504,-4.71174125,3.00893841
1.40932325,-1.48909619,0.27122380,6.08354817
-1.47525820,1.51426241,4.94742273,3.64136415
-4.63019808,-1.58295329,-0.37413628,-6.13065493
-1.57289930,1.50806350,5.84945179,1.52323433
-1.46972164,1.66982207,-1.45699725,6.27977082
-4.67341197,-1.53082226,-6.11226730,1.69446962
-1.21020265,1.60316564,-2.58418264,5.05243576
-4.39840235,-1.64255258,2.27040945,5.98298877
-1.31462143,-4.86802457,0.47122944,-5.48076811
-1.48880372,1.48294866,-4.76485364,-3.43536442
-1.76552722,1.93463020,-2.97951467,-4.98164309
-1.34638697,1.24902039,-3.24357294,4.53484875
-4.73024490,-1.26503842,2.97598685,-5.45284526
-4.79870904,-1.65835562,-0.08350705,-6.04449224
-1.59173758,1.46026558,1.26288229,-6.02375173
-1.23610170,2.06585574,-5.22363906,2.17902839
-4.89283836,-1.06865341,-5.99693795,2.08267429
-4.57033181,-1.53120336,6.26925014,1.57259404
-1.91316721,-4.41203729,-5.54067359,-1.75935834
-4.46071208,-1.96719066,2.96799605,4.82287055
-1.48379741,1.35721962,-4.72902045,-3.13606128
1.49291775,-1.64638328,-6.01028342,0.42130662
-1.50702589,-4.04910259,5.19220220,-2.09990576
-4.33549046,-1.05789508,-1.55795599,-5.62487824
-1.52509081,1.42504235,1.25132740,-5.47152016
-3.96484316,-1.59283605,5.90921500,-2.54138883
-1.56070154,1.59576556,0.46502533,5.86587631
1.50616008,-1.52123603,-4.17262088,4.49920160
-1.87572471,-4.60167925,3.90383353,4.42609987
-1.51576194,1.61816210,5.99156034,-0.26071206
-4.66911021,-1.10727890,2.74217767,-5.15842425
-1.46737352,-4.49539233,4.35274117,3.53797713
-0.79784711,-4.85644419,2.82911269,5.75380649
-1.88058858,1.54182574,-0.14815680,-5.54345031
-1.71298298,-4.68619760,-2.98671232,-5.29629746
-1.47380160,-4.64634362,-5.70945524,-0.82865172
-4.75986475,-1.70964038,2.93948099,5.56660504
-1.47795063,-4.34169556,-5.65946580,-3.30441177
-4.50003314,-1.67633532,6.31998018,0.01432073
-4.52031050,-1.57578359,2.79494380,-5.71787465
-1.52707388,1.54476537,5.36527363,-2.61038166
1.47923880,-1.25639234,-3.12106969,-5.41214252
-0.92609363,1.10047057,-1.30915185,5.64244103
-4.66168158,-1.27281312,-3.15744521,-4.98299646
-1.50602283,-4.51004434,-5.79307431,-1.23458622
-4.42894726,-1.55640888,-1.00024498,-6.38800684
1.60934648,-1.35573844,-4.49250014,4.30112723
-4.41762974,-1.35985342,-6.07830094,-0.10238319
-1.81643268,0.95697227,-2.24346241,5.55388091
-1.40460359,-4.64933811,-5.86990992,1.81737488
-1.68967977,1.52708078,5.65648077,2.37152496
-4.08043737,-2.04487787,1.85963153,5.36008215
-4.46959616,-1.54959946,-5.82532552,1.36914175
-1.68580226,1.62423777,-5.89458584,-0.29318311
1.99458528,-1.02902632,-5.22527245,-3.35883632
-1.46841247,1.51033749,0.35896422,5.81134471
-4.24628948,-1.26149916,5.19453876,3.04429299
-4.38597381,-1.27241669,4.46178215,3.39117810
-4.45998437,-1.56923730,-5.93422279,1.49256408
-1.74567015,-4.57343963,1.79293882,5.52318040
-5.05542218,-1.83249265,3.01150708,4.83640939
-1.63553127,1.45711674,-4.74408629,3.71727265
-1.42669500,1.02256792,5.09901950,-2.96402023
-1.43330241,-4.67975399,-0.68869517,-5.83958949
-1.68397887,1.59956212,5.37830421,2.73909208
1.68444792,-2.01689117,-2.20432179,-4.87561048
-4.23177433,-1.26239344,-0.61315474,5.93461194
-4.39154951,-1.57010126,-2.37505730,-5.82965859
-1.53662052,-4.34306123,4.79626235,3.40185325
0.77907660,-1.86810180,0.76958654,5.52575899
-1.77306711,1.10000549,-2.74737400,5.35329113
-4.75228202,-1.33051010,-0.55279582,5.87515513
1.57107109,-1.46487424,3.19414927,-4.17869534
-1.47850694,1.21279460,2.57592630,4.87866964
-4.45773623,-1.62290156,-1.26305249,-6.40649923
-1.42865981,-3.97744709,-6.23692542,-1.46833995
-1.59389299,-4.81299709,6.24406851,-0.05584237
-1.31881340,-5.30041910,-3.70649395,-5.03214614
-4.53936961,-1.59339506,2.39516969,-5.68806896
-4.78695672,-2.02317915,4.29729942,3.38985215
1.35129118,-1.31230465,-4.71535331,-4.34185543
-1.66095612,-4.22333958,-0.57720078,-5.80014493
-1.49098438,1.59052910,-0.20477446,5.73199618
-1.47155460,-4.51346230,-4.19023658,-3.91260022
-4.71939748,-1.60758097,1.06314542,-5.65458268
1.31539101,-1.49197315,-3.82758636,4.15321526
-1.67948292,-4.80940821,4.95305658,3.02968889
1.58254746,-0.95203738,-5.19060182,1.88815844
1.40715247,-1.55874363,5.17697690,1.94664504
1.45275907,-1.49081540,-2.56661884,6.06656643
-1.47848299,-4.46541652,-3.15523973,-4.94781835
-0.98419040,0.96837407,5.48127799,3.40742115
-4.32149442,-1.56498790,-4.63162641,3.54001826
1.77263301,-1.27981960,5.68894249,-1.58458363
-1.34477663,1.32397176,3.02968559,5.25709406
-1.57495315,1.12277409,1.41366485,5.98788969
-1.25935257,1.63402881,5.07929438,1.51714378
-1.50590775,-4.37951228,4.85464216,-3.83978312
-1.54562116,-4.49850667,1.36596705,6.24378339
-1.48400668,1.48866862,4.14702744,3.45972877
-1.35659901,1.66398630,-2.30857417,5.34805720
1.51900367,-1.61600677,-5.33732815,0.23385636
-1.55923839,-4.39933292,-2.35361297,5.60576323
-1.30843420,-4.31663296,3.31793303,5.48709475
-1.51431271,-4.43239052,5.27567942,2.94742972
1.48307284,-0.88183602,5.85726424,1.92812056
-1.56383485,1.64832174,-5.35811750,-2.48561958
1.51646810,-1.49540823,5.65417314,0.12437202
-4.49025005,-1.21865670,3.41514199,-4.88524412
-4.07431156,-0.91029217,6.32793581,-2.22820132
-1.38395518,2.25504528,-1.30807801,5.50969054
-1.46150848,-4.30613115,-5.12384427,2.20336176
-1.54945644,1.57709476,0.91263518,5.92126863
-4.59976147,-1.56192458,0.17244764,5.98002263
2.03612600,-1.48876991,1.59184607,5.78839425
-4.47555720,-1.25182078,0.90526022,5.95490436
-1.55407068,1.32207340,5.99504793,0.14275462
-1.49558703,-4.51143585,1.43450697,-5.84308185
-1.56421454,-4.56293649,3.23489241,-4.56488235
-1.62977846,-4.46571623,-3.15963618,-5.04338321
-1.23599261,1.19221203,0.18822668,6.19108762
-1.50504405,1.68154196,-3.10954656,4.50614918
-1.52294466,1.52601212,2.86053057,-5.59506194
-4.82156165,-1.99458598,2.58651362,5.54150261
-1.21442345,0.98970383,-2.41771790,6.34133129
-1.50857096,-4.50316203,-5.62907698,2.53997905
-1.47364240,1.58402586,-0.77476087,-6.18070781
-1.63975651,-4.85704236,-5.61594310,2.12824885
1.31405540,-1.35850749,-0.88460202,-5.91110772
1.44334546,-1.58627079,4.40647783,2.83523636
-3.85494144,-1.29476247,0.64315820,6.15280174
-4.49583155,-1.50394576,-6.04234640,1.87224394
-4.83473639,-1.27072591,-4.95938218,-3.83579582
-1.28436024,-4.45139843,0.39052415,6.09279537
-1.24372025,-4.40777141,0.61468823,5.02637391
-1.63039472,1.49774980,2.48198600,-4.98489179
-1.64713248,1.56347631,-5.30786070,-3.44683886
-1.51444808,-4.49126343,0.97454273,6.60595058
-1.46802128,1.46700439,3.68232943,4.82702914
-1.60219259,1.29880174,-4.09672871,3.73844119
1.45529418,-1.65067210,2.54205883,-5.31188805
1.24078119,-2.00803138,-6.07798604,-2.27198061
-4.46128958,-1.59474773,-5.18477040,-2.95622601
1.46723560,-1.51915467,-6.10189781,-1.80774627
-1.31103232,-4.51019461,-4.90425844,3.17739999
-4.27251691,-1.34957473,0.32839492,-5.53113610
1.55559364,-1.62023526,1.67074514,5.68774381
-1.07352783,1.55681421,-5.68977141,-3.14899202
-1.51433197,-4.50123577,5.89301591,1.76853244
1.16139873,-1.54708315,5.46646368,-2.68249414
-4.70852273,-1.99701785,-0.88444561,-5.78218246
1.57877960,-1.43701916,-5.64418633,1.62500826
-2.02614268,1.55550174,1.52423919,-6.04713690
1.14822705,-1.40680131,3.07451128,4.97187378
-1.30875580,-4.38958688,1.74766569,5.38255102
1.10923004,-1.27763270,3.22988111,-4.48578279
-1.19032737,-4.34143237,4.42680641,3.30944381
-4.10081917,-0.67517134,-4.53657587,-4.29385937
-4.08861249,-1.75564462,4.32959958,3.38446456
-1.20897431,-4.73277561,-2.77454424,-4.49107811
-1.53033254,1.43683579,4.59869698,-3.67274265
1.39615109,-1.49152247,0.22654115,-6.00197957
-1.48517527,1.53541966,4.60532234,3.49771644
-1.49954906,1.35736751,0.85642187,-5.88156977
-1.40809367,-4.54393580,-1.74080895,-5.92309263
-1.81070480,-4.59893519,4.29153992,3.96728343
-4.55397732,-1.59863285,5.56727712,-1.68087485
-4.77655670,-1.41155837,-5.41233544,1.68878666
-4.48179693,-1.50209421,-5.72554421,-0.77269269
-1.45060162,-4.43970287,3.04738525,-5.11938633
-1.41340745,-4.33377293,-3.45231521,4.16215070
-1.57994152,1.68589236,4.91858153,1.45948154
-1.59120661,1.38054880,-1.18442918,5.72060308
-1.37035292,-4.53395682,-6.20781840,-0.38000596
-4.51662614,-1.55413914,-5.70821465,-0.61412528
-1.50997342,-4.50347870,-5.86499880,-1.63034299
-1.58617775,1.50853703,4.81270340,-3.56214379
-1.70999105,1.46406224,-5.89506165,1.94887691
-1.79910670,-4.70660974,-4.09707391,4.23510502
-1.30268949,1.22880658,2.96434138,5.34451850
-1.87748888,1.38719844,1.35700686,5.71201245
-1.64777057,1.91264227,5.49224133,0.05653156
-4.39841813,-1.52374681,6.08977063,0.28514227
-4.74330146,-0.69450917,1.32705060,-5.95445586
1.55763344,-1.51425422,-5.72027792,-0.60050997
1.28094025,-1.54604168,4.45534344,4.56910912
-4.90979088,-1.17723591,-6.28936163,0.34422093
-1.84357275,1.78616395,-5.60639439,-2.15615690
-1.59522273,1.64980748,0.92386625,-6.10976920
1.44761040,-1.45504220,-3.54476954,-4.81717630
-4.50167721,-1.61896957,-0.49759659,-5.94401489
1.39433160,-1.54730331,2.27388865,-5.08329934
-1.52849537,-4.06880772,3.81779822,-4.34352112
-1.40435852,1.20795756,3.79273101,4.46974243
-1.28856810,1.43662119,2.65990360,-5.03322248
-1.54190291,-4.48436551,1.40091643,5.49452602
-1.41073964,1.71287410,4.02984278,3.90429827
-1.40789096,-4.02133374,2.37261054,-5.09022549
-1.47299287,1.41382416,-3.57261035,4.84975221
-0.82344912,1.11712291,-2.44169491,-6.00207270
-4.27773422,-1.60947136,-5.66728703,-1.90623398
-1.55684684,-4.73042586,3.93348775,4.62857650
-1.95409102,1.59509758,-6.02913854,0.10259111
-1.12032141,-4.18353431,-5.61766525,-0.49032991
-1.28645836,-4.80076010,0.69823724,-5.67455090
-1.23958708,1.51993901,-5.55723449,-0.84599885
-2.06428828,-4.95867828,1.80919802,5.59911383
1.49962817,-1.53191149,-5.31604215,0.30080946
-1.38437774,-4.36494928,0.33573490,6.27078689
-4.76199434,-1.59791024,-5.29260694,-2.20666325
-1.50850274,-4.49957797,6.01917384,0.79635735
-4.69123745,-1.38951300,6.19085252,-1.20216229
1.47192698,-1.53451937,5.64172496,-1.55563671
-1.62248590,-4.24847890,0.22271821,-6.15816652
-1.83274105,1.35613422,-3.49936693,-4.26771506
-1.63335447,1.56512161,4.93568632,-4.31069269
1.91053455,-1.84793251,-2.39252919,-5.36789665
-2.13118788,1.79760649,-3.35159885,4.47061708
-1.46348735,1.52954118,6.13254392,0.85204032
1.41535019,-2.03301717,3.41277802,-4.96387075
-1.53193080,1.61577875,5.39402170,2.82180000
1.58481728,-2.12712727,4.40804274,4.63110966
-4.32280798,-1.60316930,-5.19193719,-3.10452087
-1.29731963,2.35311323,-2.44308367,-5.88782412
-4.56470922,-1.60526576,2.44965631,-5.23530536
-1.60662356,-4.22084324,0.41600228,-6.04666716
-1.45333089,-4.22537156,0.41385705,5.69669659
-1.41223174,1.42379952,0.54499858,6.05584576
-1.57292512,1.39438784,-5.45961748,-2.85866761
-1.52726383,1.45099170,-3.41020117,4.74466505
-1.08576462,-4.47625521,-5.58783842,1.65627419
1.46257294,-1.31623454,5.94814839,1.88114210
-4.72923870,-1.59311207,6.04133746,-1.56785434
-1.46933388,-3.95200400,2.28139352,-5.54134258
-0.94861022,-5.22093589,5.49603396,1.03117372
-1.50350476,-4.51763828,3.09011652,5.42503150
-1.52087816,-4.44889308,2.36883944,5.78150983
-1.54886496,1.47200474,1.28376857,-5.88184011
1.49764856,-1.52631576,3.35546504,4.92833060
-4.06109350,-1.64549907,4.94231714,3.76905003
-4.21024082,-2.19861787,2.59211755,5.88970521
-1.46853496,-4.44601604,-3.63452584,5.36878193
-1.27599822,1.93993336,5.25972250,3.00448632
1.72822526,-1.68508448,-6.04528106,-0.24659676
-1.78886111,-4.44249059,-5.38274679,2.34494234
-4.68384323,-1.10430084,-6.46134590,-0.44585798
-1.74631851,-4.38565572,5.87744175,-0.81048293
-4.69653060,-1.46895459,-1.42754298,-5.85096551
-1.76110815,-4.81732729,5.73728412,-1.80558505
-1.06631669,1.15746826,-4.09307208,4.33372829
1.80482072,-1.85007766,5.01428651,-3.33762529
-1.45965735,1.48474213,-4.90039211,-2.56451606
-1.71222975,-4.73772378,5.12431032,3.18354385
1.67612705,-1.61311130,-1.69437004,6.16369676
1.50159342,-1.50371183,0.99845192,-5.73395467
-1.20157671,-4.52536601,4.67557286,4.23057353
-1.57367860,-4.79866873,-0.60014642,5.85891277
-4.50073209,-1.50205272,-1.88720456,-5.27896254
-1.70977745,-4.00385234,-1.39351157,6.00411570
-1.48182502,1.47009570,-1.71712763,5.92829281
-1.43200940,-4.69417092,3.56578649,-4.44334530
-4.49209200,-1.43713763,3.48737001,-5.00232509
-1.60472763,-4.59522913,5.49059820,1.22841188
-1.50155361,1.49296503,-4.43170905,3.91943847
-4.22890179,-1.30208521,5.25540331,-2.36465114
-4.65063458,-1.80940372,1.16465294,-6.22246082
-1.52081260,1.33397296,-2.37440130,-5.01350742
1.34357670,-1.28951312,-4.51502563,3.41262804
-1.33934265,-4.38447946,2.07324823,-5.69493371
-1.65214688,-4.59104286,-3.79845448,-4.60419649
-2.02795848,-4.58196942,-2.35514470,-5.70867574
-4.11841833,-1.54427373,5.35513612,-1.28528708
-4.60172756,-1.54429871,4.53246619,3.68990161
-0.76794522,1.29082701,-2.55806056,5.30919253
-1.98474228,1.11637110,3.27985985,-5.07913566
-1.37547996,-4.20787977,4.78130511,-3.99393830
1.36870030,-1.01805990,-4.97709925,-1.73346310
-1.68469048,1.88736908,4.03421813,-4.58866501
-4.24219954,-1.79263788,3.75801686,-5.00966612
-1.49157463,-4.65844066,3.86417434,-4.61875508
-4.43695550,-1.48734182,0.35985507,-5.95335026
-1.47262274,-4.65655415,5.54259188,2.37383222
-4.57803259,-1.68573016,2.51548074,-5.24488849
-1.54672836,-4.62358490,0.17061287,-5.66032250
1.50267308,-1.50128677,-1.71353334,7.11788258
-4.44570740,-1.46460146,-4.36612841,5.24618726
1.54720358,-1.49638397,2.98681596,5.22475646
-4.53257391,-1.71524255,5.99995047,0.73802921
1.48843500,-1.50070341,0.85532183,6.11552286
-1.50924057,1.47868830,-0.36806800,6.37827228
1.60739676,-1.41812571,-6.66485448,0.38148271
-1.37271684,1.59746191,5.20746167,-3.06214761
-1.17934468,-3.95202479,1.28230975,-5.87462558
-1.70780858,1.46653390,-4.36695652,4.03925625
1.91337305,-1.59449734,5.84403430,-0.20283067
2.09241095,-1.37412815,4.67484448,-3.44347781
-4.57485555,-1.17092921,0.72420846,-5.74927582
-1.53243081,0.95924274,-0.75953813,-5.93860911
-1.47551542,-4.43269522,4.20983072,4.30396689
-1.66569864,1.53023179,5.45114431,2.33793454
-4.67598207,-1.01631080,-2.34038347,5.58588649
-1.29125547,1.44418971,-4.35867002,4.05527199
-4.47418031,-1.46296819,-5.45974399,1.74970143
-4.19702756,-1.97352262,4.07390200,3.65890481
-1.68268948,-4.48778528,6.41552291,0.42106469
-1.40227056,-4.47408245,-0.78207535,5.60218611
-1.40720982,1.65438804,-3.38263959,-4.64066875
1.55300833,-1.14305101,-5.49411639,1.64701052
1.49227079,-1.55504652,-5.74296484,0.40385935
-4.52252091,-1.44967979,5.04176273,3.35741369
1.49904382,-1.49932362,-2.16778174,-5.24125568
-4.44451307,-1.51399260,-6.60320795,-0.95681679
-3.88698689,-1.85061413,4.02991407,-3.91248041
-1.65046994,-4.12977529,-0.74870829,-6.02616293
-1.42112704,-4.76453617,4.68685498,3.11446158
-1.66120972,-4.73268886,3.26179304,4.96130898
-4.60038457,-1.61198162,0.61803587,5.96281977
-1.73224138,1.60838388,0.12873820,6.14168036
-1.44790098,-4.36429542,-5.01355132,-3.42011200
-1.74402411,1.78264464,5.44582237,1.13887974
-1.32848851,-4.39950653,-4.79055612,1.54710424
-4.41213435,-1.57560086,2.92159333,-5.56133301
-1.40877984,-4.58070376,4.85287729,-3.36029889
-4.43918942,-1.78956885,-5.87971357,-0.58640602
-1.89065118,-4.39511679,-6.21730402,-0.08036772
-1.55199988,1.40366780,1.83006822,-5.39679199
-1.31395561,0.91259193,-0.22575469,-5.46979084
-1.59636450,1.55063946,-4.78893299,2.93087986
-1.54637612,1.62175319,-5.11253292,3.11477104
-1.34430961,1.71313246,-5.30343127,-1.39145418
1.67071187,-1.17872988,6.31203642,3.15015221
-1.41086124,-4.69991167,4.96901083,-3.64024005
-5.21449763,-1.16616720,5.67088177,1.08711804
-3.47236786,-1.51992830,-4.73504405,-3.62947115
1.49175268,-1.48506400,5.23175551,2.76828510
-4.82569234,-1.46032828,-4.89204141,3.84396484
-1.51437210,-4.48789712,-5.90246402,0.70598902
-1.44117047,1.50995907,5.06458107,-3.47451405
-4.46182051,-1.50058989,-2.78150936,5.74165032
-4.49024783,-1.50648321,4.38721791,3.87450855
-1.47124478,-4.47568567,0.85240511,6.20133219
-1.50996871,1.50830152,-0.17792486,-6.32098979
-1.65366344,-3.94496127,0.86343341,-6.45917715
1.54104166,-1.46704170,5.74336488,-1.06625927
-4.23399492,-2.01013839,3.13272175,5.42363559
-1.41455546,1.81876989,1.51331282,-5.85316341
-1.56961207,-4.66947500,-1.97478453,6.20290930
-4.75570278,-1.43473408,-1.88927189,-5.11900894
-0.79941747,-4.67204638,-3.17785979,4.37211466
-1.36274710,-4.28237643,4.57675133,-3.46602088
-4.34863099,-1.22827743,-6.32139706,0.68013969
-1.14080267,-4.36664146,-5.77846865,2.16014071
-1.82615437,-4.75057238,-4.33774055,-4.26746911
1.13613689,-1.43050680,5.63125814,3.09144396
-1.58933823,-4.80128977,4.45906382,3.80615820
-1.48795313,-4.50748173,1.67745564,6.29577859
-1.24200772,-4.55691647,5.69376724,-2.43365304
1.65416068,-1.36891136,3.63517014,4.82239173
-1.39958912,-4.57403921,0.58250213,6.08965696
-1.04784693,-4.09473005,4.87679342,-3.07598074
-1.39775371,1.64868945,1.89656086,4.61916356
-1.48413583,1.52576839,-0.13683172,6.14699285
-2.23212514,-4.09760485,-5.52235692,-2.13160443
-4.42286436,-1.55061489,-1.69840277,-5.95349889
-4.51616375,-1.62293921,3.77373859,4.66366134
-1.57357021,-4.48070586,-0.52459847,-6.18779796
-1.68953606,-4.71456045,5.94732543,-1.76907591
-4.38427424,-2.16697298,-1.91232724,-6.25229546
-1.49109230,1.36659157,5.08315717,2.27405570
-1.38365563,1.50331477,-0.49698641,6.32070800
-1.16129239,1.07170512,5.30890565,2.91996289
1.51340313,-1.30686402,-2.76078451,5.13699862
-1.47706354,1.53604622,-5.65220178,-0.92790483
-1.12657290,1.49756407,1.30934363,-5.46804733
-1.47087557,1.71227644,-0.31622741,6.01737724
-1.47114579,1.61543573,-0.77207343,-6.06048809
-4.33888168,-1.43092436,6.01132554,0.01907716
-1.23808109,1.17482297,4.80348409,-3.43283840
-1.63945814,1.39941317,2.01566064,5.67565165
-1.34820037,1.37746190,5.35469017,2.08448665
-0.98413823,1.26022963,4.88981260,3.16780754
-1.50487620,1.48448180,-6.25893837,-1.11281875
-1.60461863,-4.86589116,-2.49238220,5.51222046
1.63584138,-1.34502607,-6.00818177,-0.46109808
-1.53374929,1.55594298,5.91020952,-1.80450579
-4.58557486,-1.55461075,5.86101421,0.56271393
-4.49172143,-1.49602054,5.02393552,-2.89686541
-1.41592672,1.18366270,-1.94846082,-5.50921550
-1.39396089,-4.50569567,-2.75849685,-5.27487562
-4.37287646,-1.29467399,-0.37908263,6.09733238
-1.38318298,2.05800267,2.63386606,5.17482218
-4.43518123,-1.40781914,-0.34917405,-6.28050663
-1.45619209,1.46147267,4.83560784,-3.48926063
-1.51568873,-3.97941725,5.81445815,1.35504386
-1.66030284,-4.38274633,6.29571453,0.65728244
-4.46063997,-1.51989747,-5.82490200,-2.36612379
-4.50598954,-1.32828752,-0.64632435,-5.73097910
-1.47902834,-4.58302134,-0.73124272,5.94423732
-1.25881670,-4.50376050,0.53982800,-6.27259915
-4.27264208,-1.66568180,-0.78494329,-6.53217541
1.49141536,-1.50461253,-5.55062939,0.07933764
-1.53118968,1.41819583,1.63937210,-5.86481089
-1.17366969,1.89646459,-5.20041164,1.63543345
-2.30787562,-4.44510037,5.73165799,-2.27269604
-1.56133726,1.58544575,-2.88227167,4.97264797
-1.55619753,-4.54020172,1.38599940,5.60208974
-3.89631031,-1.08243991,-0.59848095,5.73412633
-4.46651506,-1.42464429,3.39039707,4.98636941
1.42021148,-1.17946063,5.04443083,2.90600701
-1.61616354,1.72610743,-3.86620413,4.99532986
-4.31251015,-1.36969920,1.49174581,-5.96330012
0.99666103,-1.18934743,5.53557231,0.57314627
-4.13895355,-1.93176345,-4.48528875,3.34186574
-4.38200233,-1.47545760,-5.07958928,3.75466611
-4.89598398,-1.19252632,-3.13160277,-4.75085115
-4.46537451,-1.38506830,-5.30973201,-2.56968407
-1.53265393,-4.50678575,0.30758146,6.10203307
-4.62376097,-1.59237423,-0.00640604,5.53106404
-4.71726069,-1.75066931,0.94604679,6.64744292
-1.55256354,-4.58938711,-2.33665664,-5.42412295
0.98192730,-1.48407195,2.18143506,5.54734017
-4.50606518,-1.49630738,3.01112645,-5.50216523
-1.29727089,-4.41764668,1.83132609,5.93549903
-1.28118865,-4.29666344,-5.68718564,1.03785294
-0.70024526,1.56871002,1.85887991,-5.51798241
-4.36991756,-1.80609786,-6.20729159,1.41689488
-1.51008674,-4.39601519,-5.39767018,2.59749710
-1.31955820,1.16503523,1.22570847,5.70299324
-1.59350555,0.79957377,-5.27367418,3.50660953
-1.58050428,-4.48230815,-4.73621736,-3.57286861
1.39420100,-1.27682538,-3.10672416,-5.30810156
-1.50290590,1.81646705,-2.71521481,5.46831715
-4.42091513,-1.27664889,-5.82290304,-1.67913617
-1.45358048,1.37647459,-3.63156252,-4.49659930
1.66775023,-1.58867474,2.01413890,-5.67829512
-1.43966164,-4.53853235,-3.65435031,-4.51465100
-4.25496052,-1.54863136,-5.40060551,-2.38725147
-4.71730133,-1.36984004,-3.57123830,4.92823820
-4.66134652,-0.94561214,5.40298468,-3.50511177
-1.44370042,1.76888614,-3.20041344,-4.84966948
-4.49740229,-1.49865109,4.32807747,-4.19543192
-1.58028881,-4.76051940,-5.79061570,2.87708128
-4.59441458,-1.74414175,5.43246156,-2.27303644
-1.12549018,-4.55625524,-0.42777141,-6.11961023
-4.06117879,-1.46896951,4.98061060,3.73705473
-4.75138393,-1.27930901,4.98458657,2.26001776
-1.55216327,-4.55690516,5.41200065,-1.72672195
-4.50563958,-1.49687894,5.85562108,-1.82047290
-4.37619381,-1.33837614,3.84503541,5.00474801
-1.48570773,-4.52701245,-4.68865355,-4.08100781
-4.77602902,-1.48834281,5.87697575,2.53542801
-1.75938630,1.32616528,-2.61381127,5.33894537
-1.21895319,1.20076737,5.83433259,2.16950293
1.51492056,-1.45067326,5.89611917,0.41071983
1.11794998,-0.95067091,5.87371170,-1.58573637
1.46770168,-0.98142840,5.27989044,3.52029988
-4.34996952,-1.52103695,-5.32902289,-2.09265131
1.70964861,-1.94129964,-5.73398469,0.87736007
-1.47030054,-4.65849106,0.27691409,-4.87829381
-1.64201867,-4.36003451,1.31440275,-5.44397553
-4.48721943,-1.84304692,-2.67001899,5.05085991
-1.40575118,1.87016138,-5.79407154,1.57555266
-1.73915296,-4.53077017,5.92299263,1.42239891
-1.78815739,2.18514515,-3.13280850,-5.63049309
-1.66940944,1.20076544,2.93629558,-5.35735861
-4.68398237,-1.35913788,2.80913043,4.91495951
-4.47987484,-1.45918308,0.64806384,6.36722071
-3.92047776,-1.31177954,-5.94165265,2.58792374
-1.54192181,-4.49081092,-1.26195002,6.03224142
-1.77929016,-4.70560934,-4.92442331,1.93257677
-1.36748395,1.86731369,-4.33346582,3.68238859
-4.75309709,-1.82956750,-0.36999162,-5.85939254
-4.45689727,-1.39363411,5.86483724,-0.84882220
1.30620525,-1.64319015,5.31575514,-3.39310681
-1.61141994,-4.21540601,-1.89357777,-6.07501045
-2.04566010,1.30389220,-2.60378561,-4.20308702
-1.28069399,1.02801090,-2.40326378,-5.30916394
-4.61174399,-1.35076342,1.49273680,-6.19021876
-1.40776864,1.60612310,5.32913264,1.79667445
-4.72133084,-1.53400939,4.23843590,-4.42118521
-1.46753040,1.47310938,-5.16504528,2.13861560
1.53328563,-1.35038639,6.09401811,-1.37626321
1.24056993,-1.18846304,1.08341897,-5.67705336
-1.26613325,-4.94597367,-3.81549040,-4.22977667
-4.52310409,-1.54067324,-1.57604334,-5.25446267
-4.48206816,-1.47448276,4.37627675,-4.06689253
-1.88162477,1.64471647,6.18377904,-1.17344626
-1.50482414,-4.32119316,5.30071229,2.22017220
-1.56252141,1.35085985,-5.35796957,2.84288827
-1.50485929,-4.42247729,-2.08375021,5.35042681
-1.69363633,-4.65147609,-5.44723001,0.60513196
-4.50878530,-1.34682443,2.59036843,5.52942886
1.20425231,-1.25558715,4.42837293,-4.22435908
-1.57004652,-4.36805802,-2.35825891,-6.08851992
-1.42580436,1.44505035,3.43497123,5.06719236
1.43379192,-1.52952188,-5.48213839,2.12658980
-1.44937014,1.64424164,-5.12133469,3.43673763
-4.51174129,-1.77193365,4.69396934,3.89686318
1.41663712,-1.89703710,5.02129463,-3.37046717
-4.47738204,-1.60254659,-4.58884964,4.18152191
-1.82243805,1.48939360,4.58653886,3.19942277
-1.34415367,-4.31396700,-6.20421182,1.47646354
-4.37772192,-1.46268916,3.94253260,-4.92420662
-1.97611751,-4.63264842,-0.82560227,6.05967090
-4.46591358,-1.65137146,-3.20152929,-5.37843209
-1.60582163,-4.99037946,3.09956076,5.24782202
-1.01620557,-4.15805281,-1.23949017,6.04030251
-4.59921564,-1.43964140,6.01865533,1.39767811
-1.44896688,-4.39721689,-0.55792285,-5.66051724
-1.42161049,1.67905843,-5.40521019,3.43798088
-1.57423780,-4.75684665,-4.58463134,-3.34876212
-1.40421843,1.14331552,-6.49150934,0.39947021
-3.92794564,-1.67139039,-4.95520663,-2.90347853
-1.18750888,-4.12099342,-3.06848833,-5.62701320
-1.07923090,1.38955551,-5.33875014,-0.80945728
-1.30615994,1.33678938,-5.47600814,2.36340893
-1.40304031,1.13730081,5.36194843,-3.69732100
-4.76806049,-1.74484242,-5.55369075,1.46008791
-3.88916135,-1.60584341,1.50549370,-5.87851234
-5.38953787,-1.81243695,-5.24322253,-1.99404310
-1.68276123,-4.15893766,4.48264980,4.63989169
-4.27018711,-1.02174416,1.86483874,-5.24544622
1.53815995,-1.51724777,1.94939462,-5.48838597
-1.49702320,-4.40312617,3.61651711,5.33693179
-1.50510715,-4.56088761,-0.18943246,-5.55557794
-1.43899047,-4.43790491,-3.57196482,4.58414178
-4.50892095,-1.50142262,3.14982033,4.34064339
-4.32535959,-1.32070843,0.58933497,-5.78984117
1.40060839,-1.08822322,-6.18789895,-0.71482032
-1.69378622,1.34678367,0.52399674,6.11546386
-1.52361426,1.51346688,-6.09576093,0.12818797
-4.65204495,-1.55152881,2.38277373,6.02765471
-4.32943714,-1.60879119,5.33638879,-0.35926715
1.74805876,-1.47948201,-5.94313594,2.48958916
-1.51797729,1.38456493,-3.47092372,-4.96798472
-0.89269264,1.44542806,6.51905136,0.74945326
1.65519173,-2.52670474,-2.56180160,5.07866055
-4.53213003,-1.50943280,0.36873474,-5.63257743
-4.38727162,-1.50896817,1.09786797,-6.20039002
-1.37170698,1.69199928,0.18902997,6.14151303
-2.14669744,-5.10231303,3.44468789,-5.12215060
-4.46872876,-1.51137907,-3.89443505,4.05658121
1.15580536,-1.70993879,2.12189961,-5.48490976
-4.78857984,-1.75326444,-0.50896111,-6.11202849
1.52295456,-1.49333046,-5.54588228,-0.56360762
-1.74359082,-4.48919956,-5.33371151,2.35439364
-4.53010798,-1.33594840,-2.67621117,-5.39181245
1.47916585,-1.49781366,-3.14569239,-5.26615712
-1.65126155,1.57194443,3.76364017,-4.08867217
-1.47364042,-4.56521951,2.67591292,-6.00825655
1.44123161,-1.66727943,5.20434250,3.63126174
-1.51883865,1.48344382,5.47997030,3.61031766
-4.91684156,-1.30184728,4.41913609,3.83743818
-4.85147144,-1.21204695,6.00465638,0.83251329
-1.45438551,-4.53148394,-6.10842162,0.03043030
-4.45755694,-1.93358912,4.81082368,3.61648313
-1.71472268,-4.18084468,-5.56187932,-3.23554972
1.68114956,-1.45460082,-4.66063829,3.02252711
-1.81839613,1.87634233,-5.66391974,-1.40839788
-1.55738070,1.90760895,-6.14928974,-1.86690056
-1.70030456,-4.10588850,3.20992397,-4.46549749
-1.60461781,1.21124583,-3.49249363,-5.20202585
-1.55537087,1.64019064,-2.83124830,5.03525196
-1.35787281,1.80880901,2.17599721,-5.35686262
-1.67896217,1.80091089,-5.30412990,-2.72250111
-1.46509851,2.09070454,-3.91413098,-4.46022622
-1.49836749,-4.47362384,-0.23921924,-6.37413136
1.51879015,-1.53016256,-2.73836407,-5.15374216
-4.47892993,-1.50280058,3.41189197,-4.38741531
-4.47163870,-1.46003749,-6.30385939,-1.13042744
-1.21059444,1.56484352,-1.87375725,-5.29375385
-1.61245907,1.55986913,5.61347020,-2.18840416
-1.93698463,-4.53795274,-1.01202128,5.80763487
-1.56183372,1.46231141,3.70036129,5.38037342
1.34857487,-1.88066247,-5.57103262,-2.61794425
-4.61817034,-1.56863959,-0.32351918,6.04522313
-4.50662310,-1.56486094,5.35532485,3.46131598
-2.00122691,1.85448530,5.87554707,1.28716469
-1.55299789,-4.43729465,-5.51743355,-0.51301650
-1.50018504,-4.50288265,5.02767029,2.28789500
-1.69669662,1.34723612,5.99103595,2.00302592
-1.52029105,1.53158824,-1.64439244,5.74802906
1.49338547,-1.50746142,-2.35436109,-5.59900000
-1.17423409,2.00040412,1.06084643,-6.15182585
1.41719537,-1.56276711,-5.24096313,4.04284830
-4.51856078,-1.52164972,3.16605889,-4.96471675
-4.35097183,-1.17969628,-4.23795771,4.03605188
-1.61987027,0.90303306,1.87722990,-5.71934332
-4.85788203,-1.59535976,1.88373121,5.83579606
-1.21295470,-4.29646388,-3.51509332,4.80955357
-1.19323745,1.60414091,5.55168660,-2.02692312
-4.35855973,-1.47074086,-0.55208770,-6.05909110
-4.70069483,-1.46547201,1.92535554,-5.63880046
-4.59140179,-1.17561113,1.55744209,-5.61338711
1.43251937,-1.24822849,-3.66456553,4.66330724
-1.52461535,-4.43080362,5.67661175,-1.76914917
-4.46615104,-1.83930980,3.68178139,4.76968306
-4.60812010,-1.55969836,-5.61542026,1.11749445
-1.68559940,-4.37215374,-5.22831474,3.01663969
-1.49286044,1.49970203,5.96048585,-3.09779529
-1.52388610,1.56928773,6.30393417,1.33468221
-4.96216187,-1.37216695,1.30173971,-5.41334951
-1.48128415,-4.52463771,5.88051669,1.91961937
-1.34743480,1.41385609,0.10514632,-5.49066851
1.35471075,-1.57322684,-0.25302167,-6.89665753
-1.41544997,-4.49886572,-5.87852116,-2.16756608
-3.95542739,-1.44745943,-2.08618074,-5.95931723
-4.60547387,-1.48043291,6.04205434,2.00846674
-1.13785632,-4.79075383,-2.64708195,-4.98183837
-1.50416706,1.49634022,-4.60423001,-3.20963713
1.62666516,-1.49757909,-0.19903139,-5.88561844
-4.31043023,-1.44144688,2.28774987,5.00517160
-1.47762596,1.19798054,0.66056676,-5.30901626
-1.26934384,-4.44227935,-3.61374915,4.83849034
0.77908113,-2.20941927,5.20235229,3.50098647
1.83237569,-1.32088256,4.24457422,4.64613284
-4.54547876,-1.35858136,-4.10166193,-4.56967849
-1.69328469,-4.80255486,4.70962128,3.91590570
-4.53256260,-1.61132232,-1.71211954,5.95628895
-4.78104349,-2.20618069,0.68758015,-6.02349086
-1.55432730,-4.46920552,5.32592008,-2.84629700
1.95222602,-1.60087739,2.84471285,4.99645295
1.45820918,-1.26380820,-2.66418761,5.10440411
-1.54625512,1.45707619,-5.80338475,-2.47506381
-1.86698113,1.76382128,5.66462391,-3.03158655
-1.55893971,-4.37030118,-5.79301546,-0.73282774
-1.47614026,1.52404203,1.53593893,-5.39899304
-4.20672707,-1.06053479,-6.60674027,-0.64721843
-4.26554567,-1.44321266,5.20572837,1.81180499
-1.85232606,-4.80283562,5.87960784,2.64574934
-1.49408879,1.49249028,-2.50192768,5.52240018
-1.55095893,0.94909274,-4.31638336,-5.19263767
-1.01408121,2.03889400,-5.25501957,2.64329238
-1.47376219,1.48798810,4.52625289,4.60305782
-4.15078480,-1.61273416,-5.79691275,-2.31360780
-4.51467941,-1.51097969,-0.41979274,-5.57468166
-4.36646174,-1.54982479,-6.29121132,-0.12554139
1.42450931,-1.13746803,-5.00486298,3.89167207
-4.64054432,-1.41859764,-0.68566208,5.75386987
-4.13879483,-1.68208607,1.17959886,5.69135798
-1.43646395,-4.63213911,-5.67241061,-0.99231591
-1.66189406,1.71102269,-4.38163836,5.41471566
-1.41884850,-4.43802516,0.93455542,6.25812522
1.48552670,-1.45825851,4.84798701,3.40195847
-1.32057204,-4.46710773,4.77885519,-3.26704327
-1.59533757,1.32797844,5.78353490,-1.46835473
-1.66576257,-4.43067407,-4.07780437,-3.51662950
-4.55189423,-1.32007676,3.29809338,5.03476345
-1.12658475,-4.19412005,6.13876508,0.78107404
-1.53727739,-5.29302781,4.63705038,4.36280303
-1.54372008,-4.47412591,-0.19761398,-5.67918183
-4.38777526,-1.34397152,-5.76345509,0.67698311
-2.05612171,1.07439111,-2.39436804,-5.68908033
-4.92492203,-1.82691067,0.60439968,6.17744892
-1.58943469,-4.68550229,4.74870800,1.96604177
-1.43161167,1.61686135,1.94269396,5.75681519
1.49948261,-1.47348926,-4.61431931,3.84916004
1.45594911,-1.38851822,5.84057088,0.84469121
-1.51635815,-4.57456488,0.12675870,-6.04653107
1.28140408,-1.86248373,-0.33130697,6.01308425
-1.42798228,1.70231522,-5.35189201,-2.19886029
-1.51205189,1.49349832,5.92528015,-2.90141993
-1.07849764,1.71227455,-5.46181661,1.12770975
1.37022948,-1.43557806,6.46576155,0.03031034
-1.25686914,1.36820056,-1.04205888,-6.04338771
-4.84303411,-1.86072442,4.13334861,-4.78327465
-1.55000218,-4.32276131,0.41153438,-5.58869091
-1.21434442,-4.31653900,-3.99162082,3.94205941
-1.46581467,1.49931077,-6.01135648,0.28973860
-1.05577485,-1.02009318,1.32722115,2.86483474
