-1.67835584,1.68623371,5.70764019,0.28218404
-4.85429513,-1.48893943,0.68564833,-5.99100685
-1.63701638,-4.97255898,6.04900336,1.19024450
-1.67141284,1.40280284,-5.02922640,-2.33179010
-4.68324969,-1.43083070,1.91863959,5.66474366
-1.52365642,1.44407441,-2.02238760,-4.84581001
-1.66898170,-4.01798479,-5.06128751,-3.58860923
-1.64135367,-4.86425833,0.22289206,-5.80937654
-1.51702913,1.48011196,6.02344270,0.08864892
-1.61737099,1.80035259,-5.64025986,2.27749115
-1.22459143,0.66749131,-1.47508236,-5.72165782
1.54309175,-0.91866481,5.13870659,-3.18857176
-4.71923899,-1.43885956,-0.50039362,6.07721197
1.12724688,-1.68055314,5.17567915,-2.73245566
-4.22253134,-1.49628819,-0.55918815,6.10203832
-3.94260189,-1.87483386,2.99433536,-4.62349805
-1.23853674,1.65391590,6.32344128,-0.45251385
-1.49937692,1.34684004,4.22569736,4.10036906
-4.19458070,-1.71576450,-4.18908476,2.95028000
0.82913953,-1.99412877,-6.45748203,-0.98810050
-1.84666954,1.92166471,2.37376111,-5.74727289
-1.23777130,-4.29481691,3.82866844,4.31002075
-4.51430628,-1.48141297,-2.04755263,-5.71083333
1.40727299,-1.54257350,5.89206640,0.09494464
1.06971499,-1.22681578,4.16074793,-3.94044711
-1.61043308,-4.38941714,5.24748378,3.28971613
-1.31867857,-4.41879171,-5.85526317,-1.55475441
-1.16034386,-4.66915398,1.90752066,-5.75470081
-1.92348870,-4.78015600,-3.74708351,4.47479240
-1.17622614,1.36722302,3.43634670,4.79051759
-1.41031704,1.73651653,-5.79380784,-2.64421509
-1.41413661,1.42282326,6.24243118,-0.76983163
-1.45579504,-4.50644921,-5.40747153,-2.79289469
-1.79453001,-4.12161707,2.52309949,5.13352873
-1.30810158,-4.05156349,5.43314947,1.04850826
0.99119399,-1.70617661,-2.19136136,5.92430545
-4.55666282,-1.34985772,2.21431044,5.41215000
-1.11985244,1.14418435,5.59876810,0.93415601
-1.53209156,-4.50568233,0.78917256,-6.24777461
1.64925151,-1.43644517,-0.64731545,-5.82479638
-1.91710405,-4.46950300,0.08329920,6.12891622
-1.50523037,1.49358635,2.85945806,5.25604812
-4.51933663,-1.52189050,-6.02007222,-1.72113312
-1.79740081,1.62835343,4.99289847,2.95076053
-1.18115420,-4.46923799,5.13166943,-1.90211052
-1.51962374,1.47553624,5.71998344,-0.33547245
-1.51014869,-4.52014512,-4.04288897,-4.84018175
1.09655726,-1.98887430,2.56724049,6.49196156
1.07597856,-1.46306911,5.52700145,-3.32424628
-4.61685405,-1.69140769,-6.36290377,-0.25030776
-4.37386086,-1.29790061,-5.52929379,-3.41796497
1.27963207,-1.86521376,5.49205215,2.73678255
-1.57098878,-4.61917491,2.31539875,-5.93482038
-4.48499633,-1.49315767,4.70775921,-3.50991596
-1.53526673,-4.50741922,-6.18358250,-0.87514995
-4.72206396,-1.49905644,5.41118257,3.18628916
-1.10320712,1.41721239,4.42215777,3.65556975
-1.49986264,1.68486114,-0.78019345,-5.81584743
1.43690974,-1.27305975,6.12022208,1.83868769
-1.57546116,-4.85917103,-1.35783459,6.41072626
-1.47090338,1.41231460,3.31000132,4.23333212
-1.26946152,1.60197275,-5.93459038,0.26876512
-4.97274875,-1.42688782,2.35946271,-5.95067300
1.81799413,-1.34303538,5.03410038,3.12260018
-1.57446301,-4.48517655,-5.74354329,0.96313390
-4.09934103,-1.52450646,3.90032189,-3.94512366
-1.39966663,1.67049345,-2.03553775,-6.06878403
-1.73766870,-4.48047118,4.34363293,4.33079415
-4.35974184,-1.42278115,-2.43678702,-4.78039863
-1.35233248,1.74721516,-6.22832269,-1.72649086
-4.55321302,-1.44046104,5.73817535,-2.10306906
1.60032328,-1.61086491,6.45413513,0.91239153
-1.54366951,-4.49497695,-1.50290599,-5.62235811
-4.50333250,-1.35488299,-5.79100363,1.72164728
-4.41566195,-1.46025445,-0.55691037,5.96020088
-4.22970645,-1.41389512,5.27294056,-2.37078756
-1.41342320,-4.58148779,-2.86389123,5.47042498
-4.33536838,-1.43521309,0.63334767,5.99139026
-1.46680724,-4.50092388,1.03059081,-5.77339522
-1.28851586,-4.35235542,-1.15640815,6.04366424
-4.59294797,-1.19970633,-2.88854496,5.34604534
-4.59135442,-1.46698242,5.30861667,-1.00718164
-4.48680829,-1.56324904,5.32749065,2.35896539
-4.46092165,-1.41089977,5.86639002,0.61532800
-1.52657662,-4.51082688,6.05258832,1.96303166
-1.68109549,1.55201209,-2.04139439,5.65149651
-1.48980651,1.59578345,5.33810337,0.60217222
-4.34282181,-1.67210968,4.63918448,-3.94989730
-1.10356667,1.59846510,-1.87737714,5.73892794
-1.67951052,1.37515178,3.64658906,4.75839814
-1.49407427,-5.08217504,-5.21607323,3.28925148
-1.77172960,-4.32039496,3.77969233,-4.60880742
-1.25196336,1.31705013,-0.12628380,5.75329020
-4.51526474,-1.50405360,0.90723237,6.01272939
-1.32767415,1.30376131,5.64657032,2.25771584
-1.81705629,-4.74918320,4.12549562,-5.25952358
-1.53977827,1.42687775,5.17431664,2.28387465
-1.53062226,-4.15593423,-0.52927313,5.92180468
-4.30095180,-1.69415746,0.07584110,6.74970242
-1.42596642,1.90196047,-5.24845317,2.96309448
-4.40819931,-1.53621717,-0.59950135,5.58464696
-4.60559540,-1.46767375,0.45627899,6.15398491
-1.50311446,-4.49960694,-5.05979054,2.72588849
-4.55592391,-1.50566660,-3.63779043,-5.18234393
-1.78928163,1.15601162,5.52814215,1.00684863
-1.72057120,-4.78603843,-6.55843094,0.85001218
-1.44127472,1.55507014,3.40114765,4.99235363
-4.56834297,-1.46232806,0.99188719,-6.07147011
-4.66007675,-1.51426054,-4.55709291,-3.05152747
-4.74712068,-1.42466112,4.50199301,-4.00003061
1.32926907,-1.70033570,4.10843857,4.49317486
-1.08097282,-4.96221696,6.05760789,-1.77515013
-4.61393774,-1.40849581,5.58498867,-2.02663342
-4.89024278,-1.49403781,-5.64269602,-2.68984412
-4.46581204,-1.55062539,4.31469579,4.27801539
-1.26865266,-4.24877937,-4.60887061,-3.12565302
-4.58801058,-1.35044561,2.57684765,-5.48718146
-4.59981749,-1.74052305,5.85124223,1.61862091
-1.32978088,-3.97917477,2.84893786,5.26039534
-1.49539972,1.51801483,-6.10483918,1.25750556
-1.19078456,-4.70891119,-2.23290324,-5.44329482
-1.39556181,1.77333022,0.79730831,-6.48582725
-0.71847750,1.27162954,4.84344642,-2.16728043
-1.34683471,-4.60949946,0.35459356,5.97191203
-1.92080231,1.74987816,3.54186823,5.25839537
-4.54582698,-1.35543946,0.19976236,-5.97760427
1.50401744,-1.50860687,-3.24612667,-5.27796192
-1.44894680,-4.33696558,-3.47427277,4.04392718
-1.21950755,1.38948455,-6.27380931,0.03264560
-1.53239021,-4.66404948,-6.31898330,-1.26142036
-1.63042329,-4.30132138,1.69981994,5.74527728
-1.32104540,-4.56729846,-0.77628325,6.16514220
-1.45206037,-4.07996963,1.64996531,5.63547724
-1.63872487,-4.42089255,-1.17712955,-5.55942243
-4.91104526,-1.33228126,4.99353501,3.09477390
-4.50654642,-1.64620521,-5.09868267,3.36464428
-1.52094122,1.46341330,-1.81720901,5.18767215
-4.52396310,-1.84583368,5.87464062,-0.77923374
1.35745305,-1.45209982,-3.34633958,-4.96592118
-1.58800605,1.55355825,5.56156025,1.80816532
-4.57929676,-1.35105575,3.96087018,5.02937913
1.02962568,-1.53849829,4.77445292,-1.77509577
1.61042184,-1.58001873,0.03541689,-5.90319156
-4.50204296,-1.49919608,-5.27978432,-0.62586102
-4.37905305,-1.40284088,0.72765672,-5.41647754
-1.29275099,-4.31671719,5.55095328,-2.52307595
-4.70607158,-1.36070549,6.26512007,-1.45109863
-1.36046948,-4.79965069,-0.97948807,-5.73135909
-1.66235741,1.92034489,0.80263431,6.10986759
-4.58294644,-1.35010208,2.28246170,-6.32222280
-1.58784708,-4.08956642,2.45452722,-6.15953558
-1.50156592,1.50267707,4.34879951,3.95079889
-1.51133093,1.49591941,-5.31835304,-3.00240307
1.66751125,-1.42257163,-3.76005695,-4.45269579
-1.46945934,-4.41518658,-4.24528519,4.48216075
-1.46544357,-4.44559542,-6.06185050,2.17435142
-4.86748804,-1.30988363,0.52377641,-5.75420076
1.54033489,-1.87098762,-0.64114095,5.41334999
-1.38085090,1.00439513,1.84065493,-6.44838034
-1.54762497,-4.47107785,-2.19094877,-6.10308176
-1.55819395,1.85019020,5.63970381,-1.36013264
-1.37845654,1.75520219,-5.41188572,-2.39142713
-4.94658969,-1.15322881,3.98587574,3.88711799
-4.46258876,-1.56329682,-5.89319193,1.73433928
-1.74981361,-4.78668564,4.65338520,4.34164501
-1.01028040,-4.73671288,5.31753460,0.19169563
-1.29998262,-5.20725490,-0.10911757,6.49882447
1.91177279,-1.55396559,-4.96457569,-2.50299155
-1.30473187,1.33740093,-4.08088902,-4.09726727
-1.47260798,-4.44553532,-4.34786916,-3.92993117
-1.52031763,1.52048908,4.11307709,-4.10252164
-4.48570233,-1.49499657,-0.81965952,6.17063854
1.71083032,-1.30544049,-0.80677398,5.77736973
-1.87229420,1.14245566,-5.33487258,-2.39330921
-0.92451020,-4.19391308,2.74634429,5.08142592
-1.70210778,1.63228473,-6.14378481,0.73891976
1.58922119,-1.42943147,0.72770923,-5.39603486
-4.48762357,-1.56303605,-1.16389109,-6.20597862
-1.57188614,-4.35313264,0.70172495,5.45637060
-1.62606237,1.77452039,-5.14879158,-2.62758833
-1.49987972,-4.49972101,-4.93793984,-2.55503412
-1.58094006,1.55460388,-2.56779216,-5.61926652
-1.60811701,1.51202047,2.51413471,-5.22352685
-1.48794068,1.51702230,5.57046128,1.48969929
1.69990700,-1.47189373,1.41126957,-5.44387218
-1.46078607,1.45694672,-3.51845946,5.01486562
-1.48324290,-4.08650797,-5.17117795,-2.24374682
-4.61239374,-1.73711710,3.53750924,4.22795354
-1.47585070,-4.49851286,5.54075406,-0.42143394
-1.36182645,1.26040498,2.58785292,-5.17140023
-1.65404118,1.88522431,-5.66034064,-1.61768771
-1.19643145,1.76181545,5.40736068,-3.38278917
-4.58154509,-1.03203832,-0.45977829,-5.77579280
-1.57515689,1.09904727,5.61779802,-2.31477032
-4.24062709,-1.53461941,3.60830111,5.06387462
1.48253887,-1.82511893,-4.38183483,-4.25132532
-1.16678496,-4.14758403,5.02948327,3.13443267
-1.42959853,-4.46182817,-2.67574168,-4.90073115
-1.55312340,-4.37076584,2.90078608,-5.53809143
-1.38048926,1.52226777,3.04758970,-4.98919639
1.77364106,-1.68090453,5.12694651,-2.66316193
1.54802423,-1.48353908,-1.96678540,6.15443257
1.62452915,-1.32335368,-3.56117146,4.95038179
-1.49328380,1.53616385,-0.17104845,-6.19734821
-1.46982959,1.48400799,1.94043655,-6.24313397
-1.51541682,-4.50077271,-6.11790349,0.58802086
-1.43222582,1.62092086,-5.16366829,1.27568495
-1.49450931,-4.49142646,-6.46634107,0.39989336
1.67714528,-1.43536421,3.26673988,-5.21284330
-1.31070592,-4.53996115,-1.23520260,5.74406747
-4.00457886,-1.48879699,4.01670362,4.98456497
-1.63922485,-4.55259124,-2.98345699,-4.73101099
-1.43131612,1.12003443,-4.30298506,4.11672202
1.36704175,-1.40467487,1.99313186,5.02365009
-1.39345925,-4.59409003,-4.15253711,-4.83431015
-4.47540865,-1.55015101,-4.38804362,4.59408227
-4.21705629,-1.55962535,3.54819373,-4.73186576
-1.65665801,-5.09798852,1.49540742,4.79960237
-1.49140461,-4.65083175,-5.42397503,2.73016289
1.36744782,-1.75111513,2.87162997,5.04078229
-1.69459884,-4.16318655,4.79778412,3.46978109
1.64153263,-1.44642508,-2.59203665,5.48186828
-1.56813417,-4.47980547,-5.90686707,-0.54920867
1.86138350,-1.17058845,3.72887574,5.08875337
-4.09011550,-1.81738821,0.58382489,6.14762935
-4.66856179,-1.38010608,-5.91418857,1.43988712
-1.52681366,-4.54517675,-5.32087511,3.11523788
-4.57811399,-1.55307672,-5.60792061,1.49022619
-4.73500806,-1.44212682,-6.14653859,0.36755725
-1.70648298,1.47647730,5.94208972,1.24710407
-1.60449929,-4.60880403,4.88131753,-4.01540787
-4.58607522,-1.34737173,-0.15753298,-5.78520241
-1.39865042,-4.80731739,-5.64209334,2.10122239
-1.46465024,-4.70967044,3.37751950,-5.12397350
-4.54476685,-1.38007174,-5.72755635,1.86695415
-1.67183225,-4.53661585,-4.21040234,3.86484333
-1.42935322,1.88633323,4.14671185,-4.53084110
1.49693659,-1.51616742,0.07796269,5.89689424
-1.96800445,1.74906377,5.75063363,-3.66892119
1.61453593,-1.60044853,-5.08991628,-3.37108077
1.52391969,-0.99074353,-0.90022874,-5.95017701
1.53720853,-1.53280113,6.05331562,-0.21549686
-1.49250585,-4.47788353,-6.01276549,0.14939821
-1.24349538,-4.00839624,5.92145999,-1.41363455
-4.86020736,-1.71954066,1.97479910,-5.63974201
-1.78313839,-4.68353804,-0.09095911,6.00330825
-4.31328060,-1.16626902,-5.23709853,1.36108893
-4.93499810,-1.47834394,-0.41732321,-5.62919211
-1.72595148,-4.49877795,3.87758496,-4.60729565
-1.49577229,1.43768303,-6.00241606,1.14202013
-4.49200244,-1.61762872,4.68037707,-3.67203789
-1.52523047,1.48670569,-4.80233685,-4.22295602
1.29436235,-1.66869669,6.17438513,-0.77318755
-4.93481924,-1.54002009,4.48768561,-4.30517180
-1.62138310,-4.93183510,2.77501911,5.74180347
-4.58018567,-1.46127504,4.77258354,-3.10210449
1.50160970,-1.38268523,5.93734982,2.61192260
-1.11128206,-4.52169452,4.94629519,2.65029216
-4.37071214,-1.58791941,-4.22157732,-4.13043372
1.49771144,-1.57102810,5.82809846,1.52016072
-1.73571836,1.55291255,5.60266574,-2.01798335
-4.38832401,-1.19243099,-1.92720099,-5.43368626
-1.53643250,1.72375619,3.68856610,-4.17437699
-1.24595577,-4.65846749,-6.04197463,2.04044890
1.48359107,-1.49191582,4.44836657,-4.22202423
-4.11209199,-1.61287885,4.11319250,-4.57268511
-4.76399937,-1.50189066,-4.70033265,-2.88654979
-1.83587037,1.69570655,5.07631508,-3.23668642
1.24767499,-1.49772067,6.10821434,-0.82054119
-1.79532901,-5.03768536,0.24497253,-5.92615459
-1.45602430,1.28788634,0.50425442,6.89698985
-1.40918665,1.68521682,-5.32080451,3.50342033
-4.89487286,-1.57159753,-3.90496832,-4.42370464
-1.28304780,1.26434035,-3.28124629,-5.35643311
-4.32363451,-1.39027883,-6.50367635,-0.90940947
-4.54832461,-1.46579552,-2.25174648,5.62080828
-1.41145331,1.34672483,6.12583940,1.68089551
-1.45363140,1.56756757,6.31713969,0.42916256
-1.35113851,-4.51589890,-4.64909349,-3.46675478
-1.58985268,1.26113149,3.42663094,5.38529087
-1.50345051,-4.52584569,4.59702285,-3.94470795
-1.70000802,1.52015183,-4.97723043,3.13846836
-1.50019629,1.41418806,-6.03091974,-0.69617461
-4.50210794,-1.49842488,2.35559859,-5.35439572
-1.53971552,1.58691800,2.15605884,5.89230398
-1.45293633,-4.47128479,1.87111772,-5.17324138
-4.08747004,-0.85123105,0.44469650,6.00935741
-4.69030325,-1.13834070,1.33166451,-5.68918949
-1.41901780,1.29914902,-4.43083581,-4.67684600
-1.16880135,-4.69685265,3.12849106,4.72751824
-3.92362388,-1.54648683,6.12630547,0.65384793
1.40469030,-1.79349435,-2.78587610,5.31967716
1.02080070,-2.00290847,2.20545386,5.52721403
-4.49966768,-1.51304459,-6.14228083,-1.23953570
-2.22656876,-3.93419889,6.20916936,1.18844310
-1.38599090,1.52701005,-5.25944719,3.26235631
-0.87724030,-4.54357247,-3.07243120,5.10112740
1.35005045,-1.51512659,3.92556404,4.00853897
1.64802737,-1.36159246,2.82824644,4.49625313
-1.30847004,-4.35290232,-1.32528173,5.72141095
-2.16048477,-4.26973804,-0.47729240,5.61425507
-4.50925655,-1.29021205,-5.10722937,2.49877540
-4.42841052,-2.15643493,3.08328966,4.85070897
-4.40486527,-1.26968354,4.51767558,-3.37637149
-0.81543264,-4.79773357,2.56868035,-5.21696832
-1.84247924,-4.56781495,-5.49387456,-1.78641779
-1.45870426,-4.94382227,5.38218583,-1.80503783
1.51226760,-1.13174954,5.77875720,2.22236577
-1.56415864,1.53453426,-0.79383172,-6.34392594
-4.04847013,-1.54132196,-5.12686582,2.31136450
-4.69862979,-1.52058507,-3.34968541,5.35724606
-4.68379380,-1.35483302,-0.10420373,-6.40203726
1.73715759,-0.93459447,-2.06219557,5.13341257
-1.41353657,-4.48211753,-6.11562771,0.42345263
-4.32100907,-1.73317850,-1.72133610,5.30320957
1.59780510,-1.39526162,4.84233265,4.02687916
-4.26946822,-1.56175890,5.62913726,-1.84013794
-1.33063699,-4.37028220,1.49201165,5.31867782
-4.27758774,-1.58714466,0.20382098,-5.03427145
-1.25817996,-4.38907786,4.40106412,3.39321317
-4.77471317,-2.02552062,1.76271419,5.36037656
-1.74853221,2.44737901,1.59739828,-6.26450222
-1.50017403,-4.49974009,5.89739575,-0.33181680
-4.54598183,-1.40953124,-5.74822944,-1.94545753
-1.37845861,1.44645178,5.67581440,-0.19495051
-1.28471109,-4.45050257,-4.85685287,4.26227230
1.47007345,-1.91479177,-4.29692699,-4.02656026
-1.78983022,1.09761719,-1.17302549,5.48067279
-1.86645470,1.21742280,6.10213079,2.62594584
-4.48307186,-1.36969730,-4.72748197,-3.79465644
-4.90566338,-1.52589806,2.00337567,5.63909321
-1.60028221,1.63284532,-0.25379369,-6.17929206
1.43351575,-1.45126229,4.99776523,-3.47756328
-2.06893625,1.48875723,-2.60376628,5.71728691
-1.16093149,-4.63584382,5.66176948,-0.84015302
-1.55757371,1.52817060,-5.61818968,-1.82149947
-1.72098652,-4.83599313,3.47589147,4.80708662
-1.49745909,-4.65948752,-6.29707973,0.94494182
1.42756840,-1.39027575,5.20316410,3.31146134
-1.28126938,-4.96324333,3.52913273,-4.60800783
1.49409862,-1.53052458,-1.08480503,-6.41287779
-1.23214541,-4.49083790,5.89277916,-2.25224221
-4.56219565,-1.51027075,-2.33596210,5.51504556
-1.82236943,1.34626255,-3.83634706,-5.27007481
-4.49161258,-1.33051803,-3.61867125,4.43209847
-4.48595036,-1.47932922,2.14272022,4.47576776
1.85160569,-1.04856173,0.89528439,6.26012560
-4.57756114,-1.42665637,-0.72663425,6.38013121
-1.41272968,-4.39299326,-5.78296502,0.79768048
-4.32905958,-1.29457462,5.17505843,-3.01635709
-1.00610975,-4.41638169,0.85401869,-6.25500434
-4.35973771,-1.65662046,2.21712860,5.88086178
1.17368211,-1.36364687,-1.54613386,-5.60915422
1.50556447,-1.47589801,6.04698295,-1.39021237
-1.69102651,2.03533686,5.52202669,-1.11666722
-1.72535878,1.66339980,-4.81632076,-3.86421383
1.50777239,-1.52909095,-5.10893923,4.16113414
1.77054645,-1.57363758,5.23066111,-3.60228440
-1.31318877,-4.19069771,4.94811123,-3.45240735
1.46423795,-1.85303657,-5.49591794,1.13442045
1.23048063,-1.45471540,5.51987030,2.37372959
-4.52673057,-1.54032031,-5.74362119,-0.74391785
-4.40164418,-1.61597843,5.79476323,-1.11124907
-1.45647067,-4.48307039,4.41862485,-4.23471160
-4.67573054,-1.18671829,-4.76961847,-3.31523810
-4.56838237,-1.38157718,2.34318838,-5.37147434
1.29486779,-1.34812473,5.15892255,2.47692217
-1.37067920,1.89679834,-5.48157007,-2.80308753
-1.53722184,1.48438406,3.47490588,4.41827409
0.99458643,-1.50428866,1.60626196,5.59769059
-1.43341891,-4.28875775,-1.75698520,6.25961928
-1.91222800,-4.25374938,3.52757783,4.73175539
-3.87505919,-1.51291087,-6.15482316,-0.09211093
-1.83296702,-4.39148721,2.47098325,-5.50411359
-1.42190332,1.60179502,-5.66997680,-1.84619969
-1.60708077,-4.49846505,-2.75343268,-4.43891346
-1.53784423,-4.42166150,-5.03039742,-2.78636625
-1.17076055,-4.48048925,-5.84678714,2.58170708
1.42773258,-1.49307333,5.10236387,-2.68147885
2.11387670,-1.51618292,-1.27232059,-5.55864939
-1.70389370,1.36067316,1.74192127,-5.67458211
-4.10237121,-1.21498598,3.12640927,-5.37582142
-1.82260555,-3.92200357,-4.11077044,4.86907939
-1.34837652,1.67996468,-1.80070333,6.24544232
-1.14428727,1.72287203,-2.59445403,5.31793987
-1.59486746,1.70499656,-4.40351233,5.11186695
1.52117814,-1.54441133,-1.62427642,5.61003107
-4.48631382,-1.42521603,-4.46104166,-3.95595873
-4.51624309,-1.52669385,-5.86473037,0.50930048
-4.49712295,-1.50674401,-3.94715153,-4.25062888
-4.43242622,-1.46323224,5.83505980,1.11160328
-4.41373413,-1.98487116,-0.66925930,-6.09226540
-4.46979195,-1.31677465,-3.93948706,4.80754786
-1.53779265,1.53275020,-3.41684721,4.73690705
-1.53232683,1.54113269,-5.00561148,-3.79412214
-4.53310475,-1.56328285,-6.23378272,2.04192873
-1.56360916,-4.73840687,5.54052023,2.76478126
-1.31621778,2.00988813,6.19273398,0.70250276
-1.57000500,1.47216691,-5.29117869,1.65957544
-1.50711347,1.23135930,-1.51997022,-5.82758339
1.44917192,-1.51455013,-2.73809912,-5.38678786
1.50375070,-1.41778945,3.72617588,4.42907721
-1.56430062,1.28893055,1.36240608,-5.52448318
1.20120144,-1.66236709,-2.79441838,5.33971842
-1.37570948,-4.50787806,-3.04043067,5.28013963
-4.28549621,-1.96311334,-5.42959316,2.83396099
-4.42719093,-1.31668649,-0.94939797,-6.23998926
1.64616715,-1.34862886,-5.52235781,0.86938997
-1.47368086,1.39178052,5.67633041,0.67969235
-1.49331511,1.50695174,4.38805294,4.45052597
-4.95710917,-1.40577434,-1.59555950,5.36452876
-1.50377784,1.50710313,-3.80185000,4.92750918
-4.05310702,-1.11872965,0.70612328,6.67550848
-1.80192155,1.12229611,2.78067112,-5.18951657
1.48605106,-1.55019788,5.87790674,1.57757410
-1.20851570,-4.64465510,4.36325380,-3.32383157
-1.40691615,1.85821120,5.36379020,-1.58475893
-1.10943374,-4.17233879,0.40488497,5.74226246
-1.80651126,-4.69084696,1.94310420,5.65808056
-1.41615608,1.02745741,-1.71099499,-5.55591807
-1.89966116,-4.61273341,-5.72437263,-1.69461286
-1.51666171,1.53961783,-0.63404703,5.87832548
-4.39442094,-1.57030520,-0.45381580,-5.41181492
-4.41151626,-1.31638326,-5.09274774,3.48290497
-1.45490064,1.36997747,0.50589028,5.91528110
-1.06358117,1.80545578,-5.14515645,0.80361423
-1.37899242,-3.93277670,6.49639782,-0.01768689
-1.15612724,-4.29995787,1.34194706,-6.04813706
-1.60103600,-4.60360368,3.44709699,5.78685276
-4.91010503,-1.63741806,6.26655968,0.33043563
-1.81897512,1.55295122,-5.70414601,3.06522437
-4.37709736,-1.55792124,5.87643195,1.20927004
-4.86827308,-1.80638587,0.35653448,-6.07029960
2.00889717,-1.78845332,6.25292630,-0.40240036
1.47755451,-1.26952438,-0.97782844,-6.33564460
-4.42650315,-0.97325792,-4.18903629,3.88723707
-1.78732506,1.47889080,-5.31670727,-2.96913517
-1.19391946,1.55135791,1.50288837,-5.61340310
-1.50289003,-4.46632124,-5.50695920,2.34203529
-1.28186150,1.01328778,-6.09970033,0.06977192
-1.42104529,1.54072321,3.19308686,-4.85439476
-1.63510728,1.63068594,5.86965643,-0.34869410
1.77458115,-1.25648233,6.65093830,0.06405936
-1.28194984,-4.20321749,4.28455587,-3.36988973
1.95753487,-1.71378755,-0.16566772,5.96592603
-1.37202083,-4.41660862,5.77977548,0.84493398
-4.78182977,-0.81784467,-2.45928125,-5.62325785
-1.61801078,-4.21095950,5.76178926,-1.98152780
-1.37395013,1.48030853,-0.84473600,-6.60016567
-1.81667331,1.46088471,5.19594869,-3.52376567
-1.22273327,-4.38591872,6.11589980,0.85147117
1.45100369,-1.40479428,-2.26304228,5.82789065
1.48588627,-1.55884777,5.77410949,-2.26443577
-1.42537652,1.41206945,1.21804656,-5.94975404
-1.41100843,-4.34111423,2.64060201,-5.38263703
-1.68903927,-4.38349230,-6.26760061,-1.07971769
-1.55364683,1.54987556,-1.73681423,6.51293607
-4.22259328,-1.27925234,4.89019300,2.92109058
-4.83612293,-0.94556389,0.83123344,5.98318666
-4.34577044,-1.97129933,-5.52710437,-0.17947853
-4.91875895,-1.42991488,3.62872763,-3.98427859
-1.72554256,1.69749503,5.97415065,-0.44100230
-1.22964344,-4.29230149,-5.77843454,2.61161117
-5.13235918,-0.74885941,5.56673690,0.33991615
-4.71807638,-1.84846504,-1.94470134,5.75028139
-1.49258200,1.47327855,1.15673487,5.70796619
-4.35232459,-1.66651745,-3.39958968,-5.38702039
-1.43059524,1.70126854,4.93362861,-2.18252079
1.36458937,-1.07939317,4.53867071,-4.27582937
-4.29105772,-1.48531416,4.28454942,3.82370624
-1.45692672,-4.46480406,1.16508236,6.44096203
-1.72019692,-4.47197358,4.87693871,4.31937136
-1.20475060,1.40666297,2.44700327,-5.94820508
-4.30754514,-1.57028851,-4.46833199,-3.12152580
-1.27275245,-4.43075384,3.87990129,4.27059713
-1.47589367,1.50131791,5.76311269,-1.15653749
-1.55494545,-4.41785527,-4.40466510,3.68812320
-1.78830613,-4.45899594,-4.84952757,4.03690807
-1.79571421,1.74658080,2.57719627,5.81613736
-1.63963996,-4.62780399,-5.47006241,2.30260044
1.10948341,-1.33549542,1.78223233,5.04118014
-1.50003005,1.49977281,-3.86850686,-5.09380572
1.62967485,-1.53921122,5.10652936,4.15738762
-1.26929630,1.57269336,-4.76821036,-3.36961547
-4.49225676,-1.63482435,-5.99286141,3.05973545
-1.44903048,1.48003189,5.10864111,2.59088599
-1.44286812,-4.49397435,0.80911600,6.19783793
-1.57291649,1.63384186,-3.17143766,3.88818383
1.34676166,-1.62709979,3.12305586,-5.52209941
-1.64182606,-4.34863208,-1.77374034,-5.44368299
-1.62707990,1.53219993,5.61367117,-0.82413214
-4.17265858,-1.48039844,-1.29105462,-5.90448904
-1.50489230,-4.44232655,-1.98684761,-5.47248302
-1.51926571,1.75405771,-0.77044172,-6.02142484
-1.68559028,1.55675329,2.28723932,5.15440334
-1.25737195,1.33155911,3.54130260,-4.28647232
-4.70422918,-1.48753491,0.87395237,5.78680402
1.22870869,-2.00506063,0.41234635,6.10365153
1.60726126,-1.38880241,-5.94124948,2.94971082
-1.55665591,-4.71936346,2.53838870,5.78399787
1.57409634,-1.45797908,-5.27899988,-4.17541417
-4.56170363,-1.52441154,4.02727723,3.83245738
-4.46680828,-1.52675449,5.12329097,3.33039790
-1.49639538,1.57515545,4.73424039,-2.88670744
-4.30140509,-1.42545147,-0.09810723,-5.82753643
-1.53613766,-4.56492206,4.55608343,4.17699595
-1.51377416,1.51169392,4.21142836,-3.11405649
-4.16236144,-1.34092250,2.66208882,-5.72746386
-1.71935767,-4.28651255,4.34987741,4.75912040
-1.42392196,-4.12853489,4.73953783,-4.24358428
-1.45600599,-4.38219467,5.82076358,2.43363696
-1.51741065,-4.47823660,4.57688855,-2.78665793
-4.74075128,-1.65527248,5.07739966,-2.96272688
-4.50617889,-1.54757583,6.12105282,-1.11437674
1.35685100,-1.45255166,-2.42224828,4.97758023
-1.32017466,1.44731076,5.68445601,-3.12053840
-1.59911800,1.38348986,6.32710745,-1.72506979
-1.40040683,1.37125169,-3.50428772,4.53508120
-1.72349211,-5.11859519,5.30558354,3.37357386
-1.44793345,-4.40254957,-4.05286969,-4.47929641
-1.57410122,-4.13830154,-3.37473026,5.10102665
-5.01778171,-0.86560720,-4.53470381,3.18897409
-4.65084149,-1.84615132,-5.31660654,-2.33534526
-1.48391930,-4.49728056,-1.53549115,-5.65318212
-0.79710322,1.63577037,-5.78645838,-2.23428862
-4.96135083,-1.57737945,3.51501671,-4.43378233
1.77664471,-1.14064896,5.77497531,0.89235312
-1.16602713,-4.08118476,5.42395071,-2.06255049
-1.51766487,-4.49365867,-5.19836795,2.91422944
-4.46337305,-1.58511447,5.48021279,-2.98582123
-4.94368062,-1.43189776,-4.59348138,-3.67435608
-1.56934819,1.61869317,2.29550394,-5.04155775
-1.47084438,-4.54319103,-5.44780243,-1.37091299
1.44813971,-1.70788687,-3.73447261,4.81827470
-1.22995846,-4.37164189,-4.62212693,-4.50219585
-1.08186373,-4.43976997,6.25524246,-1.19789938
-1.36871306,1.09699588,-3.91165940,4.55292867
-1.84017747,1.38236577,0.95514034,5.54019433
-1.31742910,-4.29485050,-0.76820477,-5.43475065
-4.53419438,-1.57309171,-1.63736642,6.20572506
-1.66461814,1.55615868,1.20479188,6.63036669
-4.41107870,-1.46556107,0.68313726,5.62191170
-1.31623617,1.46376659,-5.33196067,-2.58493867
0.75829917,-1.48397271,-5.04265034,2.42004566
-1.97259398,-4.52469081,1.79538344,-6.00029650
-4.69656639,-1.26859079,-1.84076246,-6.02091119
-4.41474264,-1.32469989,-2.25987878,-4.84868301
-1.50965028,-4.04507326,1.55949009,5.16434764
-1.26255982,-4.46265320,-1.92560865,5.35264735
-1.29502416,-4.40906308,5.57768552,2.51089395
-4.49245028,-1.30774084,4.63018678,4.84126927
-4.94906065,-1.79827039,3.52971477,-4.33393657
-4.63073514,-1.37412627,-2.03154185,-5.58349772
-1.62543293,-4.49677805,-5.08186007,2.60652666
-4.34549382,-1.42355755,-2.75641363,5.69146818
-1.30963846,1.54522013,5.43801613,-1.28198241
-1.49580613,-4.64597646,3.25658051,4.93068948
1.44622880,-1.34350680,-5.60095321,2.99779574
-1.07620021,1.33151395,1.09565103,-5.88215592
-1.57726010,2.09432063,4.27204983,3.76965133
1.40515104,-1.34849204,3.71186471,-4.51898430
1.60515664,-1.60143382,-1.38121844,5.93977703
-4.79635807,-1.31316937,-3.22858551,4.62954091
1.65056618,-1.51900691,5.59807420,-1.96351208
-1.61141847,-4.33890169,4.63181437,3.29037477
-1.48320232,1.50116413,5.45345332,2.59800107
-1.87051704,1.44548892,-2.94181386,-4.90388361
-1.25747439,1.55450224,-5.37261227,-2.26837388
-1.75188958,1.21774351,-0.37142723,5.93984452
-1.45725739,1.43808339,-5.14631270,-2.62252035
-1.46676903,-4.44090187,-3.13788668,5.54091678
1.65925105,-1.45407511,-5.80585651,-2.29245738
-1.29792976,1.47398116,-5.95693311,2.91462443
-1.42720907,1.43495207,1.85544014,-5.50763428
-1.12366213,1.53874425,0.27305864,5.54582164
-4.76728371,-1.20955826,5.99862757,2.44076484
-4.79788210,-1.41514277,-2.13229426,5.94904129
-1.43534434,1.66498052,5.41954710,-2.10019835
-1.60932661,-4.62144164,-5.82644198,2.08198545
-1.76600456,1.70763754,3.78523146,4.44183140
-1.62313691,1.61669870,-5.04943914,-2.64474836
-1.81761668,1.67769804,-2.19600501,4.89842140
-1.53411786,1.45275955,-4.52476429,3.49001767
-4.90897730,-1.54042160,0.57333534,-5.61676174
-1.55098480,-4.49429855,5.86744114,0.36770575
-1.51471901,-4.23036252,-1.56485525,5.04904689
-1.47007779,1.44020441,-4.84922066,-3.97768764
-1.53113779,-4.54542705,4.23757337,-4.38268699
-1.25930736,1.72235621,-5.35458333,3.34579576
-4.56324168,-1.87879003,-1.12005591,-5.51283835
-1.18315493,-4.23715732,-4.31536191,3.13569711
-3.94314690,-1.47333992,1.34965872,5.53929793
-1.43155269,1.53633389,-4.24871391,3.41596431
-4.75992300,-1.64165982,-1.08976020,5.88402789
-1.85135711,1.94440336,-4.10908594,5.12656213
-1.76187638,1.60458190,-3.07873357,-4.63366188
-4.60327824,-1.54123721,-5.68417833,-2.01207888
1.38903640,-1.11790048,-2.72901235,-5.48499290
-4.49536510,-1.50353309,-2.28821149,-5.25034940
-1.24331543,1.74416832,5.48552298,-2.66551064
-1.21751090,0.66801479,-5.27763244,-3.52039562
-1.56994017,-4.62402173,5.54751880,0.28331012
-1.68597674,-4.89836449,-1.80490481,5.10087601
-1.79213650,-4.78192444,-5.74021611,-1.75241191
-1.50381097,1.41026774,-2.71466834,-4.82458028
-4.20014900,-1.70076364,2.29865713,6.06142777
-0.89000146,0.96061344,-4.15136007,-4.77825575
-1.39876040,1.31704996,2.89416818,-5.50885714
1.47131540,-1.38893501,-1.20623494,5.87815564
-1.31269042,1.14992557,0.41964459,5.55649453
-4.11570346,-1.84161512,5.92573042,-2.97561032
-1.42911779,-4.52070949,-4.10771855,4.76820874
-4.55136604,-1.60895978,-0.82878018,6.07323885
-1.04716007,1.31473220,-4.00132971,4.86338335
-1.28211121,-4.38772173,-5.06896209,-2.20700812
-1.13235112,1.40033842,-2.16765533,5.46378880
1.50390376,-1.52765968,-5.26309285,-2.35910034
-1.91964881,-4.27538945,4.84917219,-3.71103684
-4.79531476,-1.65463621,0.71917050,-6.30890530
-1.08424468,-4.64478554,5.41064408,-3.04182932
-1.61273741,1.63385339,5.85015715,1.74659445
-4.69611805,-1.54670084,3.41740626,4.72291573
-4.50724510,-1.49920538,5.90081973,-2.63611223
-1.28794871,1.74605671,5.63433372,-0.50735035
-1.78715639,1.41569774,3.46719471,-4.75790522
-1.59129335,-4.42521129,-2.93155087,5.62541116
-1.49782406,-4.57774275,2.53288269,5.75463507
-1.41529873,-4.08163238,3.23087005,-5.67385220
-2.10072567,-4.56646665,0.58685692,-5.50351071
-1.35091158,-4.16476227,4.75212841,3.75170157
-1.55890755,1.73128624,-4.35047006,-4.87132361
-4.59319569,-1.23912975,-4.92056072,-4.22415327
-1.31380922,-4.35194140,3.82874345,-5.41033781
-1.50237218,1.50107015,-2.48007666,5.50230144
1.64086558,-1.59802199,-1.26730565,5.65140838
-1.61670703,1.52736898,6.31958855,-0.26745749
-1.37296212,-4.44458141,-3.22576925,-4.58475421
-1.57112054,1.73828531,-4.99206362,-3.56752275
1.32201952,-1.62659722,4.60367785,-3.40021320
-1.10061001,1.23958762,4.27067390,4.56773255
1.53811609,-1.85488034,3.94352362,-5.39963515
-1.61619918,-3.92603965,4.53282644,-3.22881451
-1.24245319,-4.15914413,5.71186314,0.74596514
-1.48297761,-4.50980957,-2.67956805,-4.97431075
-1.10557562,1.71835270,-4.06443370,3.36987708
-1.62433682,1.75400511,2.17719568,-5.54850073
-1.30152401,-4.81936543,0.05413875,-6.09161630
-1.54064559,-4.33146169,-4.94748547,-3.67665302
-4.48372189,-1.59585480,-1.02850426,5.13294460
-1.50168100,-4.78251313,-5.75747052,2.59954820
1.35648131,-1.72527353,-0.19169765,6.53738941
-1.03359713,-4.56420737,-4.34754315,3.85217609
-4.64847889,-1.08469716,-5.54084854,1.48062616
-1.40240279,1.38873011,1.98684412,-6.03321638
-1.40825553,1.33755539,6.07959317,1.27962581
1.28772923,-1.47807090,6.24510916,-0.62519061
-1.67657000,-4.43545203,-3.56624116,5.04660538
-1.49057269,-4.70004495,2.04651927,5.60412043
-0.73466246,-4.41035972,4.49777062,-3.62216625
-1.34894027,-4.39543292,-5.26346983,-2.69357698
-1.66887307,1.31355318,-3.70498427,-4.93809649
1.42596234,-1.36984420,-5.54166608,-0.73995846
-4.50224727,-1.48998347,5.45564477,-2.51613211
-1.77301260,1.21341430,-5.44726482,-1.55801414
-4.32483402,-1.20392319,-0.12285043,5.80484681
-1.48457657,1.54481974,3.50902874,-4.09461194
-4.51756233,-1.46155456,-4.59469346,3.86212926
-1.55441383,0.94249346,2.35905189,-5.92066198
1.50674139,-1.51551531,-4.84936065,-3.63463377
1.28272039,-0.76549261,-5.76128334,0.50753483
1.50214566,-1.62394331,-2.25569304,5.01215815
-1.67098561,-4.27479890,2.64151537,-5.41051845
-1.51961048,-4.54721966,1.61110486,5.67699155
-1.17654791,-4.38658156,-0.22332023,5.04351040
-1.38299993,1.25121109,-0.30493506,-5.59449151
-1.45426329,-4.39274651,-5.47126866,0.69657339
1.41899531,-1.65262767,-3.63170101,-5.32657668
1.35535952,-1.52652288,1.82733643,5.56060434
-1.27620963,-4.23622811,4.25045485,4.99030979
1.42773311,-1.53653895,5.88120424,-2.51072072
-1.68871761,-4.56547501,-0.41846349,5.78151670
-4.17130433,-1.43319939,-1.60736650,-5.37537370
-1.28414805,1.12827039,-5.46586504,-1.63466402
-1.12336320,1.76180365,2.40227735,-5.19493450
-4.61102496,-1.67419150,4.98857739,2.26122611
-1.66161234,1.44945486,4.52544368,-4.06414028
-4.40371620,-1.31627390,-3.88875387,-5.00495237
-4.20069300,-1.33919804,-4.21984921,-4.09533688
-1.40104253,0.98500217,3.16095422,-4.56693712
-1.64013597,1.68666977,-2.16007986,-5.98051549
-2.13238774,-3.92648405,-3.37585710,4.49132933
-1.70026999,-4.41927476,4.68917926,-4.23904480
-4.94906576,-1.51819418,-2.76763945,4.97747372
-1.09392287,-4.53506045,1.21751464,-6.23851119
1.32152891,-1.40779366,-6.03092639,0.18422713
-4.48205774,-1.54731708,-5.52513025,1.64484676
-4.45872061,-1.44021887,5.48858422,-0.84151928
-4.55200138,-1.60600599,6.10490468,1.52254414
-1.45952402,1.51997459,2.56838019,5.78997438
-1.58298311,1.50295188,-5.54819367,-2.15066325
-4.29475570,-1.89764215,5.63377734,1.67665775
-4.43924455,-1.70182652,5.82921794,-3.32402702
-1.76098997,-4.29244605,-5.93748808,-0.76910690
-1.52981554,1.82221575,-0.17381727,-6.36511430
1.56038685,-1.70326930,-5.46027693,-1.89425187
1.50558647,-1.92350910,1.85371935,-6.12899435
-1.58486007,-4.39239263,5.68137353,-0.70927940
1.45377873,-1.33010713,2.59549491,-5.35408088
-4.47650816,-1.51424111,5.44023815,-1.96262761
-4.69078031,-0.91656174,-3.13597730,-5.14443136
-1.46400571,1.49710898,3.58547903,4.18526589
-1.69364432,1.38203984,-5.19059310,3.98190184
-1.40742230,1.47913625,5.40563801,2.78747640
-1.50664859,1.69504943,6.19623967,-0.78660771
-4.94638803,-2.15813112,3.87123915,4.62325076
-4.52500380,-1.54760233,0.84921042,5.63613300
-1.11733084,-4.43597557,3.67887802,4.41766042
-1.37587343,1.52957061,4.75534743,-3.37319150
-1.89373592,1.22345709,-5.59816373,-0.40899047
1.79645487,-2.00417178,5.87579265,0.05210825
-1.55283235,-4.70178917,3.19993352,-5.71032821
1.70133143,-1.87616172,-6.50740698,-0.04821759
-1.31700220,1.64519973,-2.82914380,-5.15502612
-1.70980141,1.64171692,-5.93304712,1.16567765
-1.62464581,-4.93279207,2.26952841,-5.57092610
-4.51109566,-1.23257868,5.87285408,-0.46469041
-1.52958291,1.58426743,4.73041548,3.47527445
-4.39074285,-1.28157124,-5.46371766,2.56527367
-1.57608908,-4.46846259,-4.75426000,-3.02912207
-4.33420087,-1.53993356,-4.74316197,1.50735396
-4.66843055,-1.68949751,2.11790461,-5.47446016
-4.71702828,-2.31800935,-0.04852554,-6.35533340
2.00412914,-1.62432537,-3.37447054,-4.56716314
1.51052330,-1.08989162,1.23791100,-5.33971438
1.37620479,-1.60739941,0.69587426,6.02220456
-1.63567226,1.47203266,-3.37889649,4.53064906
1.10173261,-1.86890884,5.19953387,2.73727093
-1.98828771,1.70924753,2.08615854,5.76884673
-1.85168890,-4.48841381,-2.13377813,-5.47899842
-4.51363062,-1.49254985,-5.25115463,-3.12647346
-1.37892526,1.03590200,4.71311004,4.16045582
-1.42389123,1.42591075,3.46384035,4.64939686
-1.48450324,1.38084060,-4.56279371,-3.42338719
-4.48731904,-1.45002459,2.62017482,5.41537572
-1.46064838,1.66595240,-6.01033908,2.05846302
-1.70466163,1.39866180,-1.29354905,-5.23008570
-4.85993228,-1.53246537,-1.47813471,6.03284908
-4.35121446,-1.39902029,-4.25409659,5.05497827
1.07871155,-1.63893695,3.08136927,-4.64079071
-1.46805500,1.64407397,-2.67319679,5.17033869
-1.50316477,-4.53163542,-4.78750084,-2.23112037
-1.58412641,1.75541565,4.53155452,-4.27279060
-1.30496545,-4.22925495,1.09762961,-5.98664460
-1.49789526,-4.45521285,4.78707790,-2.87700797
-4.79942015,-1.76551546,0.29137885,-5.65617945
-1.49985709,-4.50867267,5.43817176,2.47625449
-1.50849117,-4.55013158,6.09974366,-0.10188025
-1.85254380,0.62214115,-2.74022837,5.29239702
-4.87654277,-1.80944926,-2.19254839,5.62976146
-1.58129143,1.58067427,-6.27293322,2.03559451
-1.00181090,1.70856235,5.89733744,-2.11379634
-4.46235711,-1.48871625,2.97822687,5.64328770
1.54617083,-1.72254093,0.43407557,-6.07094873
-1.48771355,-4.44637267,1.94415055,-6.41414123
-1.39656984,-3.91683445,-1.99918757,5.13601906
-1.35329201,1.69228624,4.27939885,4.16287277
-1.69629673,-4.07522395,5.65794574,2.40690465
-4.64821996,-1.28258822,3.79632237,-4.17369951
-4.59169873,-1.33939414,4.07878100,4.98757554
-4.32110332,-1.34618562,-2.89426920,5.36431482
-4.54300393,-1.43897516,-1.03770545,-5.69352130
-1.66591325,-4.49622429,-4.03184606,-4.52865166
-1.42199247,1.38199259,5.72875087,1.51346061
-4.81133664,-1.76299779,-3.21923056,-4.95349937
-4.25434905,-1.41601429,-2.49317167,5.50084101
-0.81726579,1.67003247,6.10646316,-0.29141766
-1.46085619,-4.15834012,-5.16662616,-3.11614353
-4.09401012,-1.37064017,5.72222635,0.22931836
-1.49980797,-4.49403142,4.65277456,-3.80082036
1.41585868,-1.57434348,-1.82524590,-6.48955766
-1.51253518,1.42364534,2.95100364,6.27319783
-4.44662750,-1.60945253,4.36362154,4.19395045
-1.50953625,1.42285779,1.12338685,5.53489135
-4.50846868,-1.42056503,-5.46731971,2.92603068
-4.53709306,-1.46797515,-5.53826209,2.60149937
1.69160776,-1.62601425,-1.19558780,5.79673594
-1.58736214,1.48535219,3.57772484,4.54116814
-4.59375046,-1.89111824,4.93465815,3.04665036
-1.33973244,1.35238606,4.29050764,3.58006403
-1.54116624,-4.31126094,-1.35824097,-5.95083434
-0.83332870,-5.11448401,-1.92129681,5.99151873
-1.28320017,-4.11361927,1.83477576,-5.30744664
-1.50323689,-4.11311204,-5.57096383,1.79252243
-1.50390680,1.38175247,5.68797951,2.60992476
1.33215656,-1.52189986,2.79108887,5.76337227
-4.11640950,-1.56530465,-4.89414751,-3.77600577
1.62026065,-1.53431990,1.18364550,5.62998235
-1.47246233,1.47501700,-2.38514981,-5.93503807
-1.94627372,-4.59598789,5.38906461,-1.86761875
-4.81249559,-1.56577842,4.11676098,4.94760775
-4.89253359,-1.51439667,-4.77319740,-3.25692733
-1.48287012,1.43001766,-3.83804326,4.76260718
1.48468085,-1.50438338,-0.80861386,-6.06172675
-4.44253035,-1.55836364,5.77162485,-2.20485345
1.57142104,-1.02408470,-2.69481012,5.41971910
-1.93075043,1.57004119,6.20140272,-0.30387850
-4.15897028,-1.88906727,-5.21207893,-2.93641782
-1.65266168,-4.35038462,2.66623353,-5.13802543
-4.32066000,-1.39487716,2.82178928,-5.27687903
-1.27404211,-4.46942808,0.03289741,-6.25933507
-4.59881757,-1.07233369,5.80572425,1.96641005
-1.73083308,1.52917795,-6.14843988,0.77803122
-1.75076526,-4.80375334,1.42297729,5.84753101
1.50334616,-1.39426895,-1.38703058,-5.78820516
-1.43364677,1.06051475,-1.77579433,5.69956032
1.42371624,-1.45696407,-1.50807824,5.87711407
1.49099999,-1.50081328,-6.12358767,1.35552863
-1.87926215,1.29635667,-6.07437627,-0.00644909
-1.60141211,1.59894841,-5.43863305,-2.58400368
-4.20574881,-2.19096175,2.20370511,5.66341636
-1.35842074,1.48893465,5.92867962,-0.32012107
-4.18724270,-1.78450028,4.85323868,4.10694215
-1.40669454,1.38168023,5.14264074,-3.90042036
-1.23027323,1.47762227,-5.89167615,-1.63055190
-1.56622246,-4.48498976,-3.65426617,4.98493217
-4.96670442,-1.27637184,-5.02826703,-3.69230802
-1.52140005,1.25403670,4.85324286,3.89898830
1.66884609,-1.46533626,3.53470946,5.24391173
-4.73846114,-1.36901556,4.52455560,4.37966361
-1.68550954,1.44566300,-1.71295569,-5.21780927
-4.27681526,-2.01707265,-4.62083645,3.38031441
-1.31639075,1.38226513,2.57458142,-5.31555361
-1.54716580,-4.31496049,-3.39452546,-4.20711748
2.04388227,-1.17457512,-3.97334513,3.96717295
1.50320423,-1.54536908,-5.78445605,0.58040770
-4.45937907,-1.67199569,4.37419678,3.37838076
-1.56588471,-4.44178404,-5.32329147,2.68475041
-1.23058191,-4.26981489,2.97646381,5.55754475
-4.40693584,-1.42259881,-5.17761073,2.77101204
-4.43912946,-1.50700769,5.72125639,-2.29093473
-1.42497899,1.44705488,-4.69315023,3.41907222
-4.58239909,-1.48282899,3.52009886,-4.28905036
-4.75248818,-1.07422709,6.13894791,2.12893619
-4.72096245,-1.41480597,-4.82402724,-2.25655374
-1.81106770,-4.33339484,6.33899015,0.40538488
-4.37978322,-1.51334023,0.91329240,-5.92675944
-2.07715101,-3.78418265,-2.87598199,5.75302930
-4.27945929,-0.55988055,2.45252872,-4.96129132
1.60258597,-1.41380194,5.69467167,-0.94492237
-1.41489425,-4.63168550,4.18638669,4.33982334
1.53063228,-1.51812255,4.27366025,3.96046646
-0.97537941,-4.35314553,5.04286095,2.62479072
-4.52323831,-1.72384398,-5.35051050,2.80254591
-1.13818037,1.41089680,1.64577141,5.83182645
-1.76219502,1.40755739,3.38576571,4.10657117
-1.69175782,-4.34501014,-2.49874241,-5.99090284
-1.63223387,-4.61966398,6.12706451,-1.15158752
-1.43369569,-4.73704649,-5.11956393,2.29906257
-1.51298268,1.07409032,1.54308703,5.88790419
-1.81556772,1.41919640,-6.18220995,-0.02258936
-1.21271602,1.59208381,-0.03771448,5.51378841
-1.53667820,-4.37706300,5.62309910,3.49979867
-4.93440796,-1.35896550,-1.44484807,6.77344089
-1.64095046,-4.72239376,-0.72452613,5.96522413
-1.56409365,1.50050026,4.21397770,3.39255632
-1.64416964,-4.51007298,3.80840446,-4.52431376
-4.54490998,-1.33616446,3.74026102,4.13108711
-4.54955306,-1.59169810,2.53002513,-5.79858014
1.93778527,-1.22277219,-6.55919059,-0.12203801
-4.65430072,-1.39550111,-2.14531922,5.82816445
-1.33351688,0.81051300,-4.15548212,4.18845023
-2.08561064,1.32125185,2.24019783,5.56043479
-1.45817864,1.37810615,-4.66275441,-3.59981728
-4.48204864,-1.47905629,-1.57004475,-5.82311806
-4.59122596,-1.13989546,3.69018404,-5.04996014
-1.61807582,-4.97057590,5.78923355,-0.04192905
-1.67835308,-4.85060184,6.06388051,-0.96756020
-1.54285664,-4.26268866,-4.86340653,3.08854672
-4.55619733,-1.41539471,-2.13348884,5.64688078
-0.61203873,-4.78055015,-5.01739862,-2.25703495
-1.95977495,1.61024545,-5.82531554,-0.83307398
-1.44575228,1.48512205,0.08116369,5.90919763
1.62638717,-1.53847221,-6.09584483,1.06086611
-1.93094522,-4.74079800,3.21962346,-5.03927042
-4.84824868,-0.79514631,-0.47449107,-6.38160129
-4.26276716,-1.88755081,-5.43828488,2.94450636
-1.48797061,1.52990730,-5.68547837,-1.70867731
-5.09079207,-1.39945991,-4.03672093,4.36823486
-4.45755073,-1.41217785,5.16135951,2.92554204
-4.51560834,-1.49323178,-4.20525344,-4.11795954
-4.38230483,-1.47907875,-3.17019933,-4.73747623
-4.96794157,-1.03503250,-5.36369757,2.83939146
-4.35197924,-1.65527035,-6.34061448,-1.57245720
-1.47135094,-4.61130083,-5.39763425,-1.28863034
-1.61332867,1.39538552,6.04813464,-1.84115127
-1.56038413,-4.32224236,-4.97434471,-3.56791710
-4.50380544,-1.50487912,3.35907383,4.14087215
-1.20023408,1.32537466,3.25637272,-4.55225807
-4.72588982,-1.49454990,-0.88396718,6.29364168
-1.49296718,1.37284189,3.55258719,4.84036929
-1.16994640,-0.90807812,-2.43267100,-0.14087240
