-2.18066265,1.57396707,-5.27431256,-3.81392930
-4.20844700,-1.03874182,-2.54155192,5.53476113
-1.50815628,1.49124866,-2.63754407,-5.50975909
-4.28241231,-1.58254972,0.71009649,-5.82617049
-1.53486260,1.50373820,2.97810481,-5.23253642
-1.48674286,1.70136784,-4.03928873,3.95219088
-2.01450575,0.79808126,-6.08454584,-2.06840782
-1.96540781,-4.37920516,0.89965036,-5.74396987
-4.73281958,-2.02615398,-3.51578146,-4.89387554
-1.45765988,-4.49069298,3.72840549,-4.15238840
-1.59550417,-4.83667180,5.29648077,2.75882296
1.85738502,-1.67530575,-5.29341308,2.83545581
1.68614439,-2.01591278,-3.85755273,4.35071039
1.14981454,-1.23409318,1.67486587,5.93884750
-4.45324988,-1.65938357,5.44923005,-1.67312192
1.56179707,-1.43841770,5.81913069,2.45321055
-1.36389202,-4.55231704,0.05996920,-5.65061875
-4.51870518,-1.58947522,-0.02266497,-5.90442703
-1.76417292,1.16699934,-5.58077582,2.50462966
-1.68405660,1.65110585,-3.47413447,-4.41748430
-1.49860527,1.57161290,3.83968437,4.08096217
-1.54569099,-4.57270821,3.64389149,4.65203498
-1.47167018,1.47362128,-3.36796714,-5.11660654
-1.50840763,1.52701968,6.29861086,0.06428522
-1.34872073,-4.56636656,2.17476123,5.13154334
-1.20086497,1.71802866,-5.84622618,2.18299720
-1.63322410,-4.57770879,2.37588308,4.92434432
-2.34133196,-4.98384775,5.99313823,-0.18480121
-1.20179391,0.97513254,5.48151879,3.28890379
-1.46268919,-4.90617000,-5.24665840,3.40329775
-1.42441294,-4.19311493,-1.14628361,-5.88697013
-1.47295478,-4.39952170,-4.88224517,4.25667650
1.98765115,-1.34660386,6.01751633,1.57480903
-1.41869017,-4.59281023,-0.10793378,-6.12411199
-1.84651523,0.94640108,1.56970315,5.56179384
-1.07841104,1.27839249,-0.73323595,-5.91910780
-4.10933406,-1.82783759,5.80668402,-1.49196652
-1.22568105,-4.51153093,2.08577636,5.73203861
-1.54815750,-4.44612828,-5.30035139,-3.38983107
-1.56593255,1.52285645,1.35048204,5.91368769
1.60948543,-1.45603648,-3.35209133,-5.19590519
-1.32367282,1.57649714,2.88910244,-5.96553232
-4.78567393,-1.15505574,3.86760441,4.54841607
-1.50706962,1.49500001,6.02298972,1.00648440
-1.38356916,1.65916765,-3.72794258,-4.48121855
-1.43997870,1.70600997,1.80305921,6.05801053
-4.64200367,-1.58905963,-6.01690184,1.88068506
-4.50355292,-1.51243438,-1.01263541,6.18284099
-1.59355237,1.47475938,5.13522807,-2.64090046
-1.31463155,1.40563580,-6.13929091,0.86807273
-1.55117657,1.60472321,3.94498805,-4.22997905
1.26428922,-1.46170407,-5.50692200,-2.65829778
-4.96792978,-1.54472848,0.32206209,-5.68555243
-1.47751070,1.80330732,-2.76930776,5.87746632
-4.41004595,-1.52438664,5.14541740,-2.23847799
-4.77688988,-1.69366648,-4.54252247,4.64801677
-1.45022223,1.53528907,-4.43386865,3.72310979
-4.10220030,-1.63520897,-3.16472115,-4.96477701
-1.39778198,-4.57742812,3.89684829,4.75576083
-1.43408269,-3.82135243,6.07085766,2.02314198
1.20384199,-2.08892533,4.41480364,5.02786668
-1.94546864,-4.70677370,1.65952165,-5.98648375
-1.37836059,0.88144249,-5.76149916,2.41039320
-1.21878115,1.60002385,4.68661484,-4.07922159
-4.47455706,-1.48407510,-4.54807647,3.31505046
1.50001554,-1.50301785,2.49569651,5.47170289
-1.02099787,-4.44885686,5.60917477,2.82437594
-4.38494716,-1.59810221,-6.35603596,1.35164708
-1.39607857,-4.66640676,-5.02563726,3.47384335
-1.49975248,1.82930691,6.02054244,-1.14537296
1.54281142,-1.44052440,-4.50032229,3.54879842
-1.22344352,1.52747175,-5.23581102,1.25608930
-4.47820097,-1.51958145,5.28912228,-2.39961481
-4.58531693,-1.08224454,-4.82891726,-2.78435867
-1.67777912,-4.44015502,-5.63378233,1.11027249
-1.12250145,-4.47129867,3.80970221,-3.72409828
1.55474115,-1.33373223,-6.25651927,0.45616472
-1.91834202,-4.53063651,-3.55241532,-5.26811816
-4.51575525,-1.49876123,2.53148104,5.71635627
-0.91538362,1.30448671,-5.84416184,-1.37449630
-1.70026037,-4.78465026,2.88386649,4.68210852
-1.21536975,1.59127576,-5.56533563,0.77640308
-1.64420748,1.69522130,6.18697241,-1.34992130
-4.37465211,-1.75238994,5.71638089,2.10678277
-1.12965167,1.58525451,-0.29158621,-5.89989004
-4.68242231,-1.60675622,0.60166718,-6.67363778
-4.61297863,-1.33622152,-0.88072382,-6.39330344
-1.51304027,1.50226465,-0.52342429,-5.68435113
-1.31555518,1.60884345,2.64963262,-5.72867446
-1.51368527,1.19459015,3.60566883,5.14680162
1.65241477,-1.02796432,-3.14542297,-5.64192233
-4.48326197,-1.50233688,-3.65788833,3.87088132
-4.48404722,-1.63712056,4.80804289,3.74188891
1.90199202,-2.35088256,3.99751288,3.87567934
-4.70663967,-1.83419162,-1.15664316,6.55353769
-4.80532744,-1.14175022,5.01431545,3.20334379
-4.29957051,-1.48427151,-2.23504906,5.46538381
-4.50060415,-1.44560656,4.05982866,3.93566753
1.84786453,-1.66011330,-0.26416734,-5.78420218
-1.57601157,-4.65031506,4.42989253,3.95029493
-1.93637264,-4.44037439,-3.91670485,4.64849584
-1.32241088,1.69813674,-5.14823205,3.58252428
-1.22171085,1.17121576,-1.66813988,5.88481082
-4.64294636,-1.61050610,5.33250643,3.11923287
-1.48837490,-4.53403559,-5.42103079,2.23662656
-1.82268686,-4.37767985,-1.97230779,-5.13964594
-1.38630952,-4.51202213,4.87570653,-3.17354840
-1.62888730,-4.50669296,3.71740938,-4.70152167
1.69912490,-1.53602177,5.23407645,3.10403640
-1.67111022,1.15601531,5.72232169,2.90065520
-1.51298525,1.50943581,-5.47407806,-2.80811800
-4.26483258,-1.57432342,6.00355760,1.02537723
-4.50097017,-1.44214378,-6.15669062,0.32850717
-4.53699530,-1.47701877,-0.56680920,-5.75943297
2.01709854,-1.35018508,5.67978702,-0.99286873
1.99200893,-1.48683339,-6.36699177,0.99002357
-4.63376141,-1.36652648,1.73806855,5.78126353
-1.54302825,1.50418126,5.80268650,2.95445258
1.32387034,-1.83638517,-2.08634609,5.88004291
-4.46615992,-1.42082795,-5.70710898,-2.20825819
-4.36360544,-1.45422415,-5.06998508,-3.59927465
-4.58371042,-1.53003100,-2.99649949,-5.37821630
-1.54243033,-4.72180229,-0.38640898,6.26354860
-1.16651001,1.19712808,-1.65190774,5.82943741
-1.19129572,-4.77285673,-5.46718366,2.88758933
1.40741520,-1.54474148,-5.67552561,2.61572661
-1.73141851,1.82428438,-1.00258253,6.33279575
1.53696764,-2.05710158,-3.69403080,-4.65364805
-1.19888228,1.58305352,-4.74277349,-3.15340608
1.36396886,-1.18674313,5.55767675,2.96487195
-1.81918814,-4.45987234,-6.05905214,-0.33726872
-4.71338132,-0.77720427,-5.43393009,1.79838963
1.47302054,-1.48679082,4.92609935,4.35276300
-4.63813941,-1.70366700,2.25462872,6.05876717
1.04281421,-1.78865668,1.54859978,-5.70561604
-1.68893136,1.39223175,-6.15322179,-1.16009616
-1.38555439,1.22792505,-5.53651338,-0.86611160
-1.51293711,1.48096580,3.94227704,-4.13081004
-1.29829352,-4.77180832,1.43686951,5.23490095
-4.60541134,-1.52792100,-4.95091875,-2.83815389
-1.35580703,-4.52244766,-5.27138861,2.23861697
-4.75738520,-1.40448607,-0.06538966,5.78069609
1.56028551,-1.49367278,-4.88098434,3.26091481
-1.38445953,-4.18725536,-3.29477307,-4.82192484
-4.60249224,-1.57232004,5.29578823,-2.57584223
-1.56085713,1.51908075,2.34019987,5.62630668
1.20761396,-1.12197961,4.30304209,-4.54367187
-1.18162209,1.25161784,4.39051155,3.81307882
-1.42359836,1.20102479,-1.73746196,-5.20638920
-4.53756830,-1.51787116,-6.39860321,1.67335657
-1.58031281,-4.44386721,5.40052042,-3.11125611
-0.99141428,-4.16944989,-0.65683984,-6.01065098
-1.49971703,-4.49557686,0.34219812,-5.89532363
-1.36433160,-4.52413815,2.42595604,-6.13832140
-0.74602453,1.76011091,5.38265371,-3.06436477
-4.37256442,-1.53564267,5.59764978,-0.67528663
-1.79260981,1.48571732,-4.83616837,-3.51352956
-4.80671112,-0.79366890,-1.37496328,5.29883259
-4.39983061,-1.46275808,-5.99599199,0.47030636
1.45329353,-1.46764441,-5.70620230,1.32293579
-4.71935677,-1.49625104,-3.27239293,-4.93337281
-1.69897575,-4.24891762,-1.59338931,-5.91932172
-1.51355240,-4.50330121,5.82690681,2.31394561
-1.08022828,1.49197180,2.88159651,-5.53030353
-1.65164081,-4.55006667,3.31870001,4.52911834
-1.32317127,1.64085425,4.23319731,3.81067432
-1.20795671,-3.93787711,3.18019142,-5.13414904
-1.30644692,-4.76156954,6.26806771,0.69745944
-1.54844953,1.88761330,-3.93719380,-5.08069009
-1.74967620,1.55568461,4.31229464,3.89038719
-1.31393109,-4.52908118,5.45490515,1.92741548
-1.46296011,1.18663683,6.31465827,0.61954564
-1.54466314,1.14232763,-1.46839225,5.77894082
-1.50804780,-4.51373921,-5.88492939,0.54664573
-1.81151332,1.17506977,5.72907196,-1.66381741
-1.29336490,0.99386082,-0.17231224,6.43327037
-1.96024868,-4.11060885,4.66243558,3.81932042
1.37643800,-1.57141343,3.69785708,4.59064855
1.60565843,-1.53618530,0.46888669,6.05048269
-4.60127938,-1.60052146,-4.65764180,3.66629762
-1.73618213,-4.85476040,-5.93754487,-2.10868463
-1.40102636,-4.11627984,5.85045141,-0.92793333
-1.38924524,1.14495802,-5.34400480,-0.89256172
-0.92643262,-4.25946019,3.19332942,5.44113689
-1.50332412,1.52475338,5.89199926,1.50209579
-4.49517641,-1.50846250,5.03416439,3.01198015
1.96874461,-2.27950827,3.58606535,-4.92316994
1.23515938,-1.52575224,-6.22227381,0.51324914
-4.40936437,-1.43010116,-5.80632857,-1.22759033
-1.46671230,-4.42103061,0.80333801,5.93507014
-1.31885780,-4.46058423,-4.35864381,-4.60832099
-4.30677840,-1.92031951,-1.27240606,-5.88246673
-1.42860452,-4.81768993,-2.75648769,-4.89140319
-4.46228254,-1.61951011,-4.20031187,-3.98384745
-1.59481550,1.17877419,-1.02105457,-5.74884033
-1.23853052,1.53475106,-3.41605036,-5.51274120
-1.46554494,1.88209554,-4.60361144,3.58293154
-1.54455409,1.34318720,5.71641682,0.77059569
-1.99528340,1.44724665,-3.67030168,4.97770711
-4.49118867,-0.98466805,5.95100664,0.43229066
-1.24127156,1.51438086,5.57049646,-2.04637415
-1.56369362,1.36207027,2.79678259,5.73358373
-4.44955030,-1.41077109,-5.46643273,0.63281553
-1.51345835,-4.41473740,5.74685586,-1.33589939
-1.49751671,-4.50515903,2.28927538,-5.69760244
-4.46399928,-1.69818780,0.87195920,6.64713587
-1.35094042,1.95858583,-5.92629136,-0.69706021
-2.07306917,-4.28834966,-0.09559477,-6.29037657
0.59950735,-1.30386784,3.71543609,4.40444705
0.83662388,-1.87908126,4.75986389,-3.83583814
1.82388087,-1.48593847,0.23276107,6.02171656
-4.58591166,-1.49986601,-5.82804770,0.86335743
-1.72972973,1.53199757,-6.26221177,0.85950981
-1.57778604,-4.46317536,5.60469449,0.35107936
1.51296685,-1.52065554,-4.25160611,4.56207585
1.37392760,-1.68487592,2.95890033,-4.88629552
-4.68261674,-1.52360699,-4.70035872,-3.82645112
1.51059450,-1.53930495,-3.85848492,4.29144431
-4.70266816,-1.35696263,-5.71117659,1.97076283
-4.80003119,-1.74285006,-5.83075975,0.35606014
-4.42223157,-1.25699432,1.41746934,-6.37877974
-1.52332077,1.54679967,4.42618326,3.46716529
1.55900988,-2.21815864,-3.60358004,4.22477997
-4.62757457,-1.49762554,-5.51016797,-1.82136143
-1.64402560,1.49238485,2.45075224,6.00102254
-4.55724604,-1.26435488,3.01472926,5.00544462
-1.56313866,1.66134342,-1.43312180,6.37633060
-1.51069391,1.44521204,-5.74416607,-1.26470949
-1.68748694,-4.57034986,-6.02015878,0.36136049
-1.47967559,1.54305414,-6.23653331,-0.11522920
-1.51551415,1.50950403,4.30254238,4.34178537
-1.18062793,1.27644545,-5.11433708,3.79937027
-4.55320360,-1.04539808,-5.55216595,3.11722075
-1.46959992,1.53170302,3.74043456,-4.81906295
-4.65754808,-1.71868227,-0.41226962,6.20170743
-4.73698076,-1.57103754,-4.72359813,5.24668326
-1.52049524,-4.41833686,4.24058309,3.97848821
-0.93347637,1.57720963,-0.12338809,5.83070861
-1.65403897,-4.98284536,-6.25669547,0.25656645
-1.77584638,1.22377196,2.40466220,5.13385068
1.21480342,-1.28835777,-0.15407896,6.31875891
-1.34927516,-4.46283412,-5.65830385,-2.39282935
1.47370366,-1.31573643,-5.84050036,-0.91848985
1.34098923,-1.53744657,4.31049626,-3.48468226
1.75180866,-1.15312501,2.79634305,4.97051446
-1.47747994,-4.46898484,1.55466282,6.41637444
-1.50832598,1.50132409,1.09644534,6.08314702
-1.37210751,-4.32761684,3.89507137,-4.32834411
-4.52444386,-1.14556014,-2.64916669,-5.25659038
2.53015206,-1.87825534,-1.22588704,-5.73874063
-4.25488388,-1.68385934,5.99665157,-1.86598432
-1.66262659,1.35983765,5.08213330,2.50125054
-1.30205116,-4.46194986,5.67832161,-1.95888526
-1.40257565,1.34676616,3.55789941,4.83668829
-1.64339470,-4.36615640,5.68616545,-1.17525997
-1.39187047,1.66960339,-6.34164521,-1.20095760
-1.93359532,1.48136417,-4.78340804,-4.08354585
-1.74669451,-4.14573122,4.02977720,-4.58796237
-1.18973870,1.27934329,1.08278422,-5.77899621
-1.48993414,1.19533936,3.16588275,5.22176364
-1.69511312,1.78095210,0.57423249,6.01414341
-1.37474175,-4.60421762,2.48499737,4.67371412
-4.09043956,-1.96393712,-6.03311287,0.54529958
1.28589650,-1.53646535,0.35368180,6.12558386
-4.49722912,-1.50723994,-5.87596541,0.52178345
-1.31684851,1.63370271,-1.95113030,4.91739686
1.79157681,-1.58597952,0.96009468,6.06073526
-4.44110336,-1.52486555,-5.37439405,3.04193101
-1.76053596,-4.65088868,-5.21365341,2.23733948
-4.50730260,-1.45111227,-3.92173131,-4.71184441
1.17255067,-1.55586713,6.44388463,-1.58979597
1.85165503,-1.22826832,-5.61951269,2.90131430
-1.96823259,1.20853610,5.35509039,3.70503106
1.62569739,-1.59128356,-1.53842818,5.88592034
-4.36979983,-2.03866132,-4.85124550,-2.47030487
-1.84888527,1.44701357,-5.25391646,3.37279996
1.65603639,-1.44386479,3.45936345,4.96103433
1.98192252,-1.88190881,-5.84397374,1.71741925
1.87848165,-1.10692473,2.82608134,5.28433778
-4.49722945,-1.67276771,3.55179560,-5.10981200
-1.96092770,1.42159111,2.42441220,-6.34798600
-4.91330504,-1.46909629,3.95333780,-4.52346930
-4.40084386,-1.07802319,0.60960504,5.78095823
-1.50500504,1.52097848,1.80816898,-5.36845630
-1.47254374,-4.08720795,4.55706847,-4.10691074
-4.50026116,-1.49952363,-2.32570186,-5.40762775
-4.52366533,-1.55588502,-2.64509895,5.83425062
-4.60286084,-1.77281633,-4.79386275,3.60204079
-4.83710170,-1.59859448,0.62279636,5.70392441
-1.59320418,-4.23788246,-4.04817333,4.66032434
-1.37595133,1.56284208,-1.38418251,-6.04002033
1.37534569,-1.97534099,4.49073086,-4.52051230
-1.36539095,-4.14790916,6.00909952,-1.97037626
-1.61095700,-4.55796174,2.68073002,-4.72625957
-4.75050576,-1.40500981,-5.80816939,0.82816232
-1.84866425,1.70644132,3.12668524,5.58347659
-1.36026792,-4.49583345,-5.99581962,-0.10918485
-4.63603228,-1.76220255,4.40924396,-4.09631151
-1.59709717,-4.51941628,-2.69794848,-5.69403141
-1.37902722,1.35281246,-3.13204081,4.80201500
1.02021897,-1.27695587,-1.02427536,-6.14703026
-1.71316027,-4.48301009,4.43892072,4.35273287
-4.56843123,-1.35694392,-3.32395438,-4.94094675
-4.39635684,-1.17286441,-1.75452477,5.83493428
-1.53041102,1.50354315,4.94315581,-3.55651161
-1.31246081,-4.82922414,1.16116772,5.80544364
-4.22976012,-1.30944941,0.30661201,-5.95050132
-1.56477550,-4.47260858,3.11743857,-5.19836111
-1.35955205,-4.16020060,3.58411920,4.89493786
-4.64640574,-1.53753610,-1.02109176,6.02833618
-1.42457991,1.29559177,1.41942225,-6.11160256
-1.63530032,1.47196001,-2.35799329,4.49011290
-1.47362507,1.80193142,3.51746235,4.89894061
-1.46293430,1.81254890,6.06219427,1.50503687
1.58590616,-1.48618935,1.71811731,-5.66604455
-1.95455747,-5.25259391,-3.82598759,-4.54576311
-1.30675998,1.65917431,-2.66410008,-5.21149271
-1.42370210,-4.48703344,4.62651996,4.03325328
-4.50375025,-1.49567410,-6.16427352,0.02430712
-1.50024091,1.48268728,3.32415195,5.83672489
-4.82057226,-2.03229993,-3.86647153,4.83832182
-1.66649040,1.55782512,2.73565149,4.80394201
-1.25626615,1.27163430,-1.31201223,5.67819181
-1.74273496,-4.40336414,3.59342474,-5.78193433
-1.49817918,1.41704380,2.67295761,-5.46379419
-1.98530214,-4.40296644,-6.50970788,-0.73436065
-4.30271804,-1.62603048,-4.44318704,-2.23490501
-3.94090922,-1.00971508,-4.56230183,4.02666025
-2.16257113,1.09743854,-1.00918927,5.62461939
-1.35319375,-4.39617642,-1.18864376,-6.11133175
-1.53298248,-4.49822312,3.85638043,4.89001200
1.31104990,-1.55946251,3.96136914,4.73272166
1.58263415,-1.62764005,-3.37826182,-5.13923441
-4.70729795,-2.04269806,5.59937053,-2.93336842
-4.58363356,-1.33077197,5.99957083,0.32480985
-1.01575845,1.56653713,-1.07109634,6.01945316
-1.40332515,-4.82721431,5.99167451,-1.57385323
-1.71860791,1.12073972,-2.43698671,-4.68825878
-4.50018346,-1.59101753,3.31178135,4.26567663
-1.53266838,-4.89083647,1.41740436,-5.96188103
-1.22395819,-4.51169285,-5.29636003,-3.53922813
-1.54247741,-4.57909151,-3.94827480,5.01636323
-1.49968944,1.49832955,-4.23652374,2.94004759
-1.25568840,1.70769680,2.66899388,5.47949068
-1.71489424,-4.34952574,2.13909432,-5.36284263
1.51019252,-1.55475289,4.32884775,3.78702178
-4.37330815,-1.24412540,-5.00581461,2.46303127
-2.21716389,-4.72830592,2.84831368,5.04318406
-1.42488613,-4.46124986,4.88171683,4.05706763
1.47913696,-1.53145960,-3.23511952,5.22940907
-1.59692038,-4.91697650,-3.10083840,-4.98659966
-1.45465709,-4.54439123,-5.89771061,1.04528875
-4.47553787,-1.53520681,6.43646399,-0.08492283
-1.15998573,1.63026259,5.28529481,2.26813503
-1.47248917,-4.80481561,1.06110412,-5.96414763
-4.15167537,-1.41494606,-6.31469922,0.66593776
-1.60565354,-4.77670195,-2.78297405,-4.75696306
-1.50397945,1.51277633,-3.53530622,-4.53029520
-1.94859514,1.11645379,-5.84411226,-0.74699488
-4.05174895,-1.69336398,5.51802011,0.64933621
-1.04066675,1.61334250,5.64584140,1.41637920
1.62443195,-1.53513371,4.81624975,-3.71845135
-4.28991132,-1.10972187,-3.12956232,4.09234586
-4.49706514,-1.45853134,5.13026011,3.00009252
-1.56279076,0.84084273,3.88069842,-4.55390432
-1.49730702,1.50139381,0.54006000,-6.26538835
-1.39014827,-4.63881370,-5.31187961,2.79150187
-4.47174890,-1.97839627,2.95811255,5.67298468
-4.44083839,-1.48619448,2.01582444,5.62109815
1.62147851,-1.67035764,-1.09579552,-5.33985999
-4.51380984,-1.50056259,-1.53820473,5.94038313
-1.48219127,1.55823988,6.47846922,0.19485252
-1.48618646,-4.49044547,1.69619558,-5.87800295
1.41830342,-1.70123430,-3.13700163,-5.42527276
1.23041063,-1.54857031,-3.98059662,4.36693458
-1.80165922,-4.31138220,-4.26354596,-3.95822730
-4.15718554,-1.45463769,-6.22892480,0.22957209
-4.51636791,-1.80058231,-2.34432438,-5.73999868
-4.49780803,-1.49955861,1.27680749,-5.81478754
-4.38498429,-0.89580146,2.93429674,5.34528289
-2.11923875,1.28610985,-0.53763198,6.07831430
-1.07140139,1.36289413,3.53876267,-4.16216929
-1.47760783,-4.50747394,-2.32739233,4.73452090
-4.39016294,-1.64125393,3.87076164,-4.67292162
-1.32753808,-3.95289975,6.65802620,0.38436186
-1.55160838,1.07729397,-4.69696605,-3.33444675
-0.79062382,1.45975591,-5.10004575,-4.40152211
-1.27718442,-4.51931239,2.45480474,5.07347121
-1.49858179,1.49640602,-2.77805996,-5.14512496
-1.67715607,-4.37070066,5.34436361,-3.35778109
-4.15916334,-1.69885642,-6.78736763,1.89166947
-1.30328485,-4.17569379,-3.24472193,-4.90638288
-1.25026561,-4.05205109,1.18781879,-5.62647230
-1.68676232,-4.41860763,-6.01303683,1.71073237
-1.35081991,-4.25023940,0.31312618,6.13182810
-1.54436318,-4.34738639,2.90540442,4.71555488
-1.58125698,-4.65577618,3.76721103,-3.97932660
-4.38595178,-1.61219209,5.64888543,-1.56143241
-1.36060305,1.58901654,-1.72679716,-5.41111760
-1.27566658,1.67179531,-5.76802568,1.23329065
-1.63165053,1.80349158,1.49100607,5.82798890
-1.65346767,-4.44295202,1.82766265,5.80257913
-1.13531348,1.79352363,-4.96358281,-3.50426910
-1.46670324,1.62430699,6.04042622,-1.11945450
-4.41668847,-1.47635130,-1.14447386,-5.16624804
-1.32561242,-4.26148836,-2.49844509,5.37864496
-1.07382821,-4.11877908,4.61404548,1.91765361
-1.90163046,-4.30451947,1.81655134,-5.90872779
-1.39759390,1.46555336,-6.54723693,0.37729980
1.18359597,-1.69069965,-0.14921679,-5.57983613
-1.39037126,-4.58990573,6.03893881,1.47690201
-1.28716098,1.44133233,-5.77124344,3.20280090
-1.80167674,1.65404952,5.19384687,-2.83439255
1.31570908,-2.05260905,6.47346580,1.51980380
-1.44530428,1.44477985,-1.51515911,-6.10559098
-1.50344759,-4.40530756,-4.99729254,-3.51723906
-4.47421422,-1.56586449,-2.21430046,6.39779334
-4.27010259,-1.36138487,-2.40820171,5.37837058
1.20824227,-1.38674984,2.11877924,-5.33176889
-4.55502702,-1.61955425,-4.85706404,4.91333490
-4.47642107,-1.45320789,-5.18683885,2.28379785
-4.37411488,-0.94825073,6.07004464,-2.40673881
1.45206426,-1.19927886,5.16698861,3.39075529
-1.76672760,-4.06949306,-1.03505620,-5.87450352
-4.08925226,-1.24295693,2.85139044,-5.37589189
-4.94305071,-1.52722155,-6.22963133,0.65819264
-1.67994092,-4.47910569,-2.37068083,-5.65341940
-1.65972960,-4.58478980,2.55945015,5.84650327
-4.75207400,-1.97643340,6.03277235,3.00187271
-4.35745386,-1.45441128,4.98878113,3.23800392
1.47379798,-1.74402144,-4.32733765,4.12199130
-4.44220989,-1.30514531,-5.02727736,-2.94059064
-1.43368682,-4.53381462,3.43058531,4.64827431
1.49052488,-1.87381261,-1.12438941,5.64798285
-1.71786552,1.35978072,4.94726154,4.52581537
-4.76792812,-1.77186230,-0.54002369,-6.06361451
-1.45135617,-4.70506707,-0.23280334,-6.10479704
-4.16465612,-1.50742316,-5.12976525,3.32495323
-4.28716100,-1.55289628,-6.12543033,-1.33791974
1.46291398,-1.49903612,-4.87743170,-4.11816812
-4.67439166,-1.34539619,-1.03042342,-5.58461153
1.21025192,-1.66719817,5.50713916,0.50272462
-1.52358233,1.26692684,4.59670827,-3.76825167
-1.53486939,-4.68981527,1.11594673,5.63262267
-1.32458883,-4.36102017,-5.69633414,-2.15046518
1.38176821,-1.62089565,5.50543745,0.46414037
-1.52294791,-4.63491049,5.02802265,4.08418507
-4.18834219,-1.23825086,-1.90596879,-5.04617166
1.50658769,-1.53476288,5.97153060,0.37814929
-1.40060626,-4.65859941,-4.23655769,4.69024184
-1.04345109,1.41177375,-0.31126339,-6.20446995
-4.90606945,-1.99925203,-2.86280365,-5.01693583
-1.25047901,-4.11501884,-4.82545415,2.52758774
-1.41125133,1.76194146,6.11426490,2.44855588
-4.53106199,-1.55127074,-5.77674350,1.63722346
-1.29985845,1.77119855,4.59732250,3.92107636
-1.42831954,-4.47958397,6.01448053,-0.36744596
-1.05009382,2.24840850,-3.51247364,4.87392600
-4.53011757,-1.40336083,4.55056650,3.58912876
-3.83126300,-1.33276570,-5.73564711,-0.74354374
-1.24533439,1.92477689,-5.64130778,2.65046224
-4.48586112,-1.48534032,4.61174620,-3.02173949
-1.51109835,1.54711048,5.53690075,0.39496127
-1.68778607,-4.74485219,-4.75420554,4.08776721
-5.06777016,-1.23899140,-6.29814561,-0.65918517
-4.57923695,-1.62807679,-1.28358282,-5.88460091
-1.49632977,1.45753969,0.48861243,6.18672850
-4.14269415,-1.33841686,-5.08059447,1.53424865
-1.43604676,-4.51580678,5.18192385,-3.16193562
-4.49454887,-1.53149273,5.74400437,0.13861432
-1.71393869,1.50332558,-5.43672137,1.76460917
-1.93478545,-4.71031033,4.30762615,4.76781890
-4.49196627,-1.50598441,-1.38035269,5.85315238
-1.51066023,-4.41031050,-6.61172337,-0.42595026
-1.20692191,1.31822756,-3.88796172,4.15037948
-0.97591486,-4.49313214,4.69896088,3.99833595
-4.32880309,-1.15988019,3.38920073,4.80299372
-0.68642041,1.32340355,-2.86513854,-6.04305907
-1.28615043,1.48745731,-4.76697188,3.68754481
-1.26107860,1.32943434,3.25025665,-5.20580494
-4.53314352,-2.28104979,6.37832057,0.15186469
-4.17703439,-1.30284466,-0.84426429,5.63605829
-1.21489889,-4.44045782,-0.30081010,-6.36429312
-1.56991217,1.53641594,6.13731944,0.07133044
-1.69162212,-4.68030031,3.56295447,4.76291366
1.66280770,-1.51673669,-4.74249731,3.43652869
-0.93795663,-4.46388009,-5.24312166,-3.36814726
-1.66266807,1.72994430,5.50540857,1.48283837
1.23847233,-1.77913067,-5.66526160,3.00373174
-1.34719301,-4.64936263,-1.72956593,6.31151957
1.42764868,-1.64302422,-4.98191835,3.94609958
-1.58007739,-4.75776643,-1.95791218,-5.85493513
-1.42250914,1.34695150,4.71263485,-3.07065918
-1.69535452,1.35464655,-5.50036798,-1.96308222
-1.60373118,1.42410648,0.36727276,6.30279910
-1.62938415,-4.21371872,-2.41851057,-5.08746334
-1.60339030,-4.45439422,0.56404989,5.91127798
-4.50591883,-1.33192952,5.89732937,-0.21656457
-4.39858017,-1.52903072,-0.98283698,-5.72722595
-1.60534488,1.52940735,3.88687166,-4.57237298
-1.42612104,1.84496724,-5.88023309,0.24751696
-4.48311671,-1.49209033,-1.47887954,5.90135167
-4.45049206,-1.32843210,2.83735178,-4.70740722
-4.79722180,-2.19396624,-5.79730946,-2.13102080
-1.37577459,1.38264003,-4.38214936,3.97231407
-4.41853543,-1.08332597,4.40750945,-3.66284093
1.60229906,-1.73391422,6.32434469,-0.65286395
-1.52070770,-4.43791266,-3.53112653,-5.19745972
-4.27199268,-1.33985333,-5.61796200,1.03516154
-1.71389946,1.09119154,-4.74240607,3.31619429
-4.66901967,-1.55493910,-4.17446934,3.95639950
-1.50756244,-4.92437629,4.29610198,-3.70450604
-2.27256363,-4.56202124,0.90760750,6.05339690
-1.44565423,-4.82192542,-5.39085181,-1.53828850
1.39130240,-1.36997168,3.70945723,4.27793435
-1.58667154,1.34382136,-5.95149825,-0.04899476
-4.81373305,-1.29836761,-6.25789819,-2.01493567
-1.20435962,-4.24417522,5.07710062,3.44900763
-4.51392787,-1.56989352,2.97294267,-4.63824109
-1.53343181,-4.53840398,-4.57663583,-3.36825592
1.21120356,-1.49174456,-4.15321337,4.75260722
-1.35747716,1.94095726,-5.29615510,3.54207684
1.52102144,-1.37094863,4.08049587,-3.74859660
-1.86135567,-4.41784309,2.10252283,-5.47403262
-1.50470862,-4.59742890,-1.07346526,-5.46461744
-4.73498099,-1.48991958,6.42785727,0.34334009
-1.14681228,-4.48396086,2.14466917,-6.04113125
-4.46970169,-1.23724155,1.80652517,5.50640324
-1.39850859,1.55108884,2.60004742,-5.97697683
-1.34378476,-4.75905426,-4.34001734,4.92309870
1.24227003,-1.02096301,-4.00304091,5.08866402
-4.77130067,-1.22112564,5.89577335,-2.72267049
-1.52113396,-4.40572762,-5.87106010,-2.20198279
-4.58020938,-1.61371902,-4.20735940,-4.45520139
-1.12345950,1.53426427,2.62882930,-4.95786970
-4.52448016,-1.94822987,5.65887004,-1.64664049
1.49176286,-1.28770896,5.22596443,3.57655513
-1.28777320,1.71895751,2.20505108,5.64481094
1.53092681,-1.44270573,-1.58600221,5.47753776
1.63245633,-2.22855273,5.84534474,1.38314286
-1.67172208,1.72277010,2.40436392,5.45707963
-1.34020336,-4.73779649,-2.90306718,-5.78566230
-4.53253991,-1.39689348,-6.07070911,0.85192911
-4.69096139,-1.19191246,5.14356018,-3.59263784
-1.58855886,1.25914012,4.04282215,-4.07619314
-1.74449891,-4.26297491,0.92645297,6.43041298
-4.62068515,-1.06020514,4.33041887,4.41447373
1.60417416,-1.45096407,-5.74241140,-1.95005550
-1.59471029,-5.05502174,-1.65698654,-5.59691608
1.57992909,-0.83795204,4.65506914,-4.13211005
1.27519011,-1.05348131,-5.46796620,-2.80701047
-4.23696111,-1.46672789,3.96232939,3.82958780
-1.58263550,1.58468407,1.11930548,5.74301163
-4.47925822,-1.66700572,0.74932072,-5.91303648
-1.98316076,-4.05335760,5.45890495,1.58863046
-1.51952785,-4.07401257,0.52595062,5.97371490
-1.43284996,1.72328570,-4.42642666,-4.40928811
-1.92613477,1.66105740,-5.71239813,-0.04787459
1.15975664,-1.10391818,4.83442300,2.86780208
-1.43988543,-4.27478572,-0.34726545,-6.43564271
-4.62858296,-0.99095535,-0.26077810,6.22796271
-4.44854448,-1.62372830,-4.89909035,-3.99706579
-1.46868655,-4.30188130,5.51501688,3.54867929
-1.11449083,1.59531875,-0.58267486,5.63246498
-1.78067827,-4.26305107,1.47971405,6.03705582
-1.61874832,-4.80568815,3.74442686,-4.68840573
-1.12514656,-4.43421465,-4.93759246,-3.82774285
1.41523674,-1.11379686,2.47197563,5.36898197
-1.88399736,-4.29455240,-5.69726159,-1.57602177
-2.14670791,2.09143936,-6.70331668,1.39793872
-1.54219691,-4.50629144,-4.26094731,-3.78882825
-5.10900725,-1.82766504,4.70601186,3.57940818
1.64244737,-1.42027085,-5.10342385,-3.50144365
-1.60004292,1.29939467,5.34794471,2.78612502
1.80283128,-1.21896397,-5.74669102,-1.65180586
1.41166756,-1.66230598,-1.69198064,-5.67084293
-1.60131995,-5.01137689,1.82382630,6.05965485
-1.57203256,-4.70146568,4.69919961,-4.14035512
-1.35785769,1.54738033,-3.79339991,4.09314771
1.50147459,-1.51858826,0.19910118,-6.00284729
-1.61430217,-4.40986727,-5.32195894,-1.90525927
-4.42387508,-1.77358442,4.98290782,2.18329832
-4.49345899,-1.42624740,-5.87444306,-0.55546610
-1.05822859,1.68729484,-1.60486866,5.93098865
-1.59592863,-4.41802450,3.91381687,-4.60736603
-1.50169394,-4.50560320,-5.63008878,-1.14032825
-1.43763965,1.63255762,3.44266042,4.73693281
-1.72098665,-4.78560991,-4.12685572,4.98466391
-1.20555552,-3.94209962,1.88120521,6.16012372
1.44523996,-1.42734532,-5.82135210,-0.58286924
-1.76569537,1.53716586,4.75284616,4.04501844
-1.80073693,-4.51755026,-5.36707605,-0.58173093
-1.56866879,1.31546060,4.13242212,3.83063210
-4.51055581,-1.56106283,5.06438687,-2.99544166
-1.56025048,-4.14618591,5.00287054,-2.72841629
-1.58075273,-3.94355271,-0.50503809,6.02852992
-1.29393713,1.65445137,3.96787890,-3.13454181
-1.57982591,-5.11345889,1.48772452,-5.96536664
-4.49621119,-1.51489689,4.71098761,-4.04910931
-1.91056796,1.04946493,-2.98837711,4.97268791
-4.44391465,-1.32915838,-5.68507577,-0.73968803
1.60846244,-1.71537032,5.79405612,-0.65560177
-1.47352347,-4.46881137,-2.01596597,-5.17765753
1.49676372,-1.49748337,3.00089084,-4.78032887
-1.85691382,-4.35026383,-5.65519609,1.79505041
-1.57425936,2.09550091,-1.05927875,5.82889567
1.52336594,-1.33983288,-5.81388873,-0.33965780
-1.60790845,-4.49712375,-1.95287529,5.68109360
-2.06670286,1.13756374,-5.81272108,2.42257739
-2.24317372,-4.49982284,-5.05575525,-3.42664808
-1.23039889,1.64257409,-2.42083580,5.36685886
1.74582060,-0.94031967,-3.85584003,4.19056463
-1.92367890,-4.33718229,2.63872244,5.16883581
-4.57070448,-1.29836534,3.58573124,4.27158079
-1.63450970,-4.52567874,-4.05571890,4.80502061
1.28486920,-1.92891126,5.74642527,-0.34040806
-4.47910706,-1.48852006,2.67546611,5.46794199
1.33166443,-1.36233099,2.88983013,4.69080713
1.74991273,-1.74424676,-1.01401590,6.21798386
1.25332509,-1.73207911,-1.65339251,5.71165964
-4.49404983,-1.69847149,-5.41885211,2.63819821
-1.55977420,-4.86763060,-1.05768592,-5.17390786
-1.53410565,-4.49593469,1.20756494,-6.09347895
-1.52094693,1.80958184,-3.50372327,-5.41096147
-1.28115180,-3.84546821,-3.22023993,-5.02427961
-1.59009110,-4.34444498,4.46775973,-3.60719769
-4.43100072,-1.42465515,-5.36385866,-2.81181934
-1.50273497,-4.47906987,-6.39081517,0.80610626
-1.28353981,-4.70393100,-0.78356661,6.19982262
-1.40509275,1.72644537,5.30633314,-2.46230698
-1.67156382,1.37751465,0.71470840,-5.02009286
-1.80708465,1.31758969,5.80328388,-1.78065000
-1.40742482,1.56972939,-2.07744782,6.05484972
-1.45009805,-4.63589694,-5.36760366,2.73998096
-1.43483642,-4.37838899,-5.89152472,-1.86032086
-1.22332498,-4.24490645,3.36561488,5.27551995
-4.59873342,-1.57582894,0.28818133,5.74811309
-1.54518478,-4.46322322,-4.18630501,-3.96671095
-1.48292908,1.75304864,-0.78342673,-5.74482656
-4.56322951,-2.19047781,-6.01873574,1.51052023
-1.52080777,-4.34171742,5.64702650,1.05145582
-1.57301490,-4.81194284,2.88991673,5.34222190
1.59239758,-1.57109544,-0.37750377,5.62146131
-4.22399880,-0.98736080,-5.44025300,-3.17227960
1.23011777,-1.22620314,-5.57532114,-0.64753735
-1.46320873,-4.58150374,-0.94295105,-5.42873639
-4.55590256,-1.40980460,-5.64034598,2.15942022
-4.88254906,-1.50668248,6.14306461,-1.28245299
-4.44002982,-1.29117425,1.76761471,5.95193143
-1.62865163,1.06951354,3.06800441,5.18275150
-1.78562444,1.44430306,5.69900546,1.98925690
1.51415746,-1.48069933,1.45967072,-6.11983593
-4.15369327,-0.85122059,-2.83660803,5.19607818
-1.51235985,-4.51634704,-6.10766066,-2.21486538
-1.52170910,-4.49359299,-4.63035132,2.82434110
-4.33711977,-0.74667299,5.81128830,0.83233058
1.55762831,-1.53161708,0.15842459,-5.78353008
1.47252361,-1.62059661,6.12895195,-1.05250174
1.65830573,-1.63227157,5.48046588,2.30363913
1.91512787,-1.64856265,-4.34508560,4.74468093
-1.76706035,-4.39714203,-1.83864763,-5.86326126
-4.46720679,-1.33708744,5.56722067,2.27395373
1.33447820,-1.70832870,-2.25140994,-5.45823744
1.06998183,-0.75138769,-5.27479941,2.75069588
-1.49244604,-4.49530653,3.62323775,4.41522263
-1.58980377,-4.45453821,5.54118847,2.39409444
-4.47014338,-1.50608811,-5.59765620,0.21013623
-4.50457457,-1.99993426,-5.13988695,-2.19381273
1.90665995,-1.46868820,3.27226830,-5.35298804
0.77914011,-0.91307841,5.06034728,-2.64460505
1.48384457,-1.78604061,-0.94992574,5.57559009
1.43045994,-1.52379909,5.21550271,-2.52553276
1.63927266,-1.40555453,2.45448951,5.76773752
1.46496071,-1.48965005,2.79017579,4.77869673
-4.74191694,-1.35458804,4.81783853,3.09851510
-1.50830634,-4.59417996,-4.44462471,-4.14631023
-1.59563029,-4.81804191,-5.09331962,2.79208751
1.65080314,-1.77540870,-1.10211040,6.01727684
-1.61419848,-4.41544652,-4.80253549,4.32507784
1.49700480,-1.49841743,-2.94113604,4.96609511
-1.97149516,1.45907092,3.89734224,4.24698450
-1.63725317,1.48842443,-3.70463264,-5.31487479
1.48748451,-1.47972264,4.50137283,-3.91153791
-1.68277610,-4.12461377,5.21257999,-2.95633885
-4.43405461,-1.95635639,-3.66271926,4.87509364
-4.29133767,-1.72942995,5.68395236,-0.24316206
-4.37840498,-1.58784428,5.22396033,-2.70795574
-4.35413181,-1.61571890,0.62966123,-5.83672523
-1.32680150,-4.69911297,-2.17765675,-6.53495928
-1.46593854,0.86894394,-5.40513094,2.49570617
1.19588320,-1.58177829,3.42556860,-4.90889343
-1.36252981,-4.85319979,-0.21656927,-6.64984123
-1.82865396,-4.59046889,-5.98187097,-1.20368725
-1.46153766,-4.66502861,5.20108599,-3.14798814
-1.43313876,1.24178417,0.22113779,-6.09530281
-1.34420562,1.47249744,-5.87625574,2.02269534
-1.80211749,-4.79244990,6.12502294,-0.08818440
-1.46046122,-4.52600306,4.30998859,4.72081702
-1.56174435,1.50512003,6.08533785,-1.04750146
-1.71282268,-4.46502472,2.87894928,4.23581112
-1.12868361,-4.91177016,2.94605348,-4.72771181
-4.58717496,-1.54497215,-4.02489361,-4.31957956
-4.27081477,-1.53969383,2.15734680,-5.31148501
-4.50045588,-1.50030964,3.61963791,4.56216442
-2.50037183,1.17978709,-1.31768567,-5.85417513
1.56107415,-1.35536787,-4.39353034,4.52014308
-1.51749468,-4.49533328,-3.71739999,5.31771562
-4.50504291,-1.51070987,5.64408436,-0.49943052
-4.57905542,-1.53512191,0.37011478,6.50029720
-4.44824567,-1.36860651,-5.50995900,2.97451828
0.76823389,-1.68380336,4.65765481,3.61849169
-1.34640801,1.72190916,0.05388117,-5.84762673
-1.63464013,1.48048471,4.34092795,4.77107249
-4.49792745,-1.22775413,5.60120646,2.76261866
-1.40312863,1.73416262,-0.55925368,5.87147742
-4.32538562,-1.54584868,-4.47519522,-3.65563766
-1.49248057,-4.50676569,5.44488973,0.34519502
1.42687522,-1.57597225,-5.47293378,-0.69072243
1.37564811,-1.40330104,4.49130050,-3.55264177
-1.56198835,1.83808185,6.10948262,0.43102537
-4.51384623,-1.42861945,4.01368526,4.97069890
-1.24511639,-4.06868436,-3.51516402,5.00313795
-1.12624631,1.56831378,-6.15991175,2.07136936
-1.45608147,1.71755851,-1.63025402,-5.19435713
-4.79512057,-1.40848276,5.74837940,0.32821968
1.25309993,-1.79633454,-3.54784315,4.53225752
-1.52014018,-4.36993245,4.81744159,-4.34735543
1.49429876,-1.48224072,6.28804010,1.14831000
-4.27593540,-1.18103318,-5.23527759,-1.69532231
-1.50632385,-4.50802485,-2.79488880,4.60156605
-3.74081749,-0.92983880,5.56862706,2.56026056
1.67058032,-1.65028652,-5.59554857,-2.57805921
-1.34271886,1.02119641,0.61789394,5.59018038
1.38290234,-1.88871746,0.89223811,-5.81967470
-1.56655642,1.54696973,-3.18840199,5.51596628
1.92360164,-1.37387855,-5.87536922,1.81560148
-1.58223909,1.70475757,-2.93705337,4.77121665
-1.57362643,1.94154815,-5.38028884,-2.73331938
-1.42683276,-4.49066497,-5.12917827,2.81897785
-1.31281404,-4.57831828,5.41741327,2.68319120
-1.49624039,1.49010717,2.30766851,-5.33193800
1.28394602,-1.29319687,3.60488336,5.42807731
-1.66907779,-4.47825638,4.74639532,-2.52655281
-1.11827872,1.64805380,2.71474248,-4.89823597
1.43652304,-1.26009014,-5.35470213,0.81568818
-4.56766237,-1.01395439,-2.88359605,4.98554106
-4.47886723,-1.39838426,2.53346259,-5.20190332
-1.47687202,1.56583979,3.52242177,4.81866716
-4.67445158,-1.62866133,-4.45876011,5.14674194
-4.26744897,-1.66561631,4.45639222,-4.21492968
-3.66083400,-1.52477000,4.95067779,-3.83426953
-1.57785299,1.45728725,5.47258645,0.89357000
-4.29476479,-1.49264785,-5.95825696,1.43691904
-1.46890308,-4.20135364,-0.68201736,-5.97973597
1.22622816,-1.37387469,0.17131358,5.94160523
1.49292570,-1.53335229,-5.81151584,-1.74965090
-1.36697682,-4.56012822,5.64871110,-2.68541606
1.72513355,-1.52810387,3.88308494,-4.09237956
-1.58055353,2.04760915,-3.06725941,-4.89534695
-1.44669976,-4.64114054,-5.76058748,0.31362594
1.39170596,-1.66202062,0.38737164,-5.82477931
-1.46937632,1.38838545,5.84276349,-0.97887344
-4.58430631,-1.72538141,3.96842924,-4.41242842
-4.30951210,-1.29254695,-0.67056634,5.72284381
-4.13634682,-1.74043846,-4.07120397,4.42883155
-4.37157004,-1.25151518,-2.09633321,6.00858068
-1.44050939,-4.52188892,-0.95687431,6.19632449
-1.23360286,1.75212350,2.25865746,5.21860957
-1.65587651,1.84673373,3.00370311,5.28811757
-1.44242166,-4.54210425,4.99826432,3.39515753
-1.79310952,-4.65516856,-0.02940514,6.27014739
-1.18926482,-4.73013178,-5.56346145,2.84545068
-1.74281577,1.81443728,-2.26242126,5.53144955
-1.32695130,-4.59657368,-4.01379025,4.16080998
-4.33565423,-1.36090210,-1.77077142,-5.54345582
-1.93311410,-4.41813314,1.10719438,5.64407259
1.04373562,-1.53639396,5.31435265,-2.99542247
-4.71174436,-1.83942613,-2.37386862,-5.18193506
-1.61259251,1.06531037,-5.48753381,0.54069718
-1.45727318,-4.08010107,1.11650400,-6.18605944
-1.39340792,1.29930969,5.93477502,1.35910568
1.16209554,-1.27460669,-5.04728882,-2.99655444
1.59561528,-1.18117880,2.52443914,-5.79451079
1.53686861,-1.36677579,4.48519068,-3.79559590
-4.55179637,-1.73826905,5.31671124,1.92305065
-4.88493052,-1.31120770,5.13364908,-3.82089437
-4.41744673,-1.36316586,4.31723668,4.66524040
-4.34383017,-1.60372146,-2.86035917,-4.40415625
-4.59821750,-1.33828035,5.07670809,-2.33789893
-1.23583452,-4.57846091,2.97728904,5.64471971
1.53748993,-1.47825278,-6.18862658,-0.60524218
1.50352407,-1.54898744,3.02038801,-5.38288260
-1.49503666,-4.56622368,3.98587395,4.86627071
-4.55106090,-1.44029290,-3.70104638,-4.54674302
-1.66257428,0.97178173,3.99916521,4.38798021
-1.05461424,1.51150400,-5.31841480,3.16505275
-4.91539562,-1.37921604,2.56425576,-6.54294840
-1.26944190,-4.70122670,1.39047770,6.05343363
-1.65183890,1.49254282,4.82056665,3.70758764
-4.50285444,-1.50300266,3.74179583,-4.71949143
-1.65423134,1.38441427,0.22712566,-6.18121460
-1.31246110,-4.63480980,-5.16298517,-3.76510198
-1.66386425,-4.53019562,-5.05304498,-3.11753458
-1.60718371,1.62643788,-5.09514600,2.63691004
-1.46206896,-4.50490931,-0.30037715,-6.06785471
-1.53434772,1.53776060,4.66521106,4.09317236
-1.55857151,1.46648581,5.64241504,2.46882059
-1.39148807,-4.99929438,1.92711164,-5.71975658
1.82533676,-1.61262711,5.48229276,3.19308302
-1.45296991,1.49827772,5.93111425,1.66016702
-1.45168591,1.65038765,0.43371845,5.58800478
-4.32995087,-1.13309806,-4.86966476,4.43530098
-4.21762063,-1.87312051,3.78159216,-4.65400171
-1.35793118,-4.39457253,3.38418948,-4.93881935
1.65898295,-1.26999804,2.29391992,5.47634103
-1.31221813,1.83101675,0.54312675,-5.87441417
1.70319431,-1.59404890,2.70620993,5.10977882
-0.78531912,-4.68386251,5.81588771,0.74395383
-1.44732311,-4.28086866,-2.47041497,5.65081192
1.39618909,-1.32852612,-5.06679175,3.39201486
1.37383737,-1.50471029,1.01086286,-5.96262306
1.41361648,-1.15916898,6.45291154,-1.07940151
-4.51189573,-1.57671878,1.35431350,6.30396073
-4.49503031,-1.48611802,-1.60860908,5.46618235
-1.25112373,-4.92803577,-5.89633649,-1.84240309
-4.61608364,-1.22728498,6.37464087,1.59068473
-1.49676076,1.41819214,3.81124745,4.61584391
-4.83379998,-1.51150822,3.47482819,5.09354605
1.65203887,-1.20212045,-5.81327724,0.09943052
-1.52983054,1.50475883,-4.69950833,3.23036873
-1.52234666,-4.80823052,6.13173584,-2.26078996
1.54379963,-1.47038283,3.07173208,5.14652713
-1.17649702,1.70407318,0.09615274,-6.00380662
-4.08253314,-1.57298917,-5.37642416,-0.34446320
-1.63596857,1.54664649,-5.35402206,-2.65879479
-1.68738504,-4.80927288,-0.32619388,5.74964263
-1.81067564,1.26356626,-5.50671855,-2.37964814
-1.98004542,1.50058495,3.70248291,4.33295251
-1.54329428,0.80015422,5.92055412,-0.61758630
0.98201514,-1.85127989,0.60954747,-5.80800825
-1.61213547,-4.64003805,5.44581339,-1.27148084
-1.80094234,2.17642702,5.90468610,2.91209036
1.71017630,-1.77232624,-2.87287107,5.65128359
-1.05805952,1.13491287,-0.43448845,-6.20269333
-4.77178645,-1.62579123,-3.94430355,3.88961151
1.38956319,-1.76640187,4.34630161,-3.23978453
-0.95289114,1.42852439,-1.71328999,5.94756349
-1.46019732,-4.26701238,3.68866060,-5.40212016
1.26081315,-1.43046672,-5.77617179,-0.56593379
-1.44252856,-4.50341583,2.89790823,5.52388197
-4.49922396,-1.51041207,5.89344648,0.53766182
-4.24372606,-1.47403348,1.71639947,4.83771911
1.09317140,-0.86008038,2.44073774,5.24393313
-1.94405673,1.64324756,5.70992922,1.73303027
-1.57996991,1.59142329,2.99881850,4.92642117
-4.57931584,-1.45139471,0.96168338,-6.25808404
-1.18844014,1.38250129,-0.70054877,5.81769780
-1.24118883,-4.50602148,-5.31161712,3.87449610
1.75572360,-1.46567283,0.45552215,5.66593037
-1.64591254,-4.62113360,-5.00585497,3.15860564
-4.47257307,-1.53557297,-2.31507411,5.14963702
-4.49552109,-1.44296530,-3.13290497,4.76687995
-1.45827977,-4.43343553,-0.94561918,-5.78422091
-2.18038075,-4.11857166,5.33899501,3.24261702
-1.74177575,-4.46409571,4.35512929,4.02664770
1.37622805,-1.46643855,-5.63267340,-2.07833341
-1.49258083,1.48204913,0.17448517,5.83105333
-1.49094968,-4.52169186,4.36823110,4.15087947
-1.42627369,-4.78081927,-6.28253917,0.68167947
-1.37978904,-4.73299269,-6.03463889,-0.39188141
-1.37611925,1.36086110,-4.95357735,-2.06376402
-4.70523977,-1.01853606,-5.26572614,3.42433021
-1.31407537,-4.12730564,-4.34056223,-3.70611500
1.51375237,-1.50280707,-4.93281904,2.18098203
-1.97176994,-3.99460234,-6.56392955,1.45577057
-1.47464084,-4.43766168,-3.81645405,4.53808872
-1.49200611,1.63152022,-4.66189300,3.96934023
-4.84364646,-0.59603347,-1.02631528,5.84724127
-1.93919813,1.49067151,-4.63526793,3.45576139
-1.51399130,1.46407210,3.64108136,5.04663210
-1.71703180,-4.61630466,1.59874681,-6.10523472
-5.06047027,-1.58322284,-0.22731033,6.30220176
-1.44863127,1.55576306,-6.09495533,-0.22436294
-1.71152539,1.93037388,5.05139024,-3.02235846
-4.76947709,-1.16798532,3.63449486,4.13410750
-1.43660934,-4.55124173,-6.12458595,-0.17186453
-1.48705872,1.50368293,2.18968396,5.71373759
-1.47067504,-4.45706157,-4.60103584,-3.95059344
-1.54399438,1.61882745,2.96553320,4.79377413
-1.31860958,1.61927248,-2.57343939,-5.04645746
1.61759099,-1.69656197,-2.21487169,5.71765594
1.39723099,-1.54734288,0.29990355,5.61484924
-1.35968792,1.48983257,4.74336478,-3.90246918
1.39860572,-1.23059597,-6.07765021,1.00391694
-1.26163866,-4.37657481,-2.54270982,-5.38207078
-1.56015269,1.34614252,5.56869259,-1.08818823
-4.50729675,-1.49887945,-1.35799133,6.02344794
-1.60348558,1.59847067,-0.56186066,5.93820992
-1.47741103,1.58979964,-0.12683910,-6.19250250
1.52898623,-1.39165073,-6.23973978,1.50783003
-0.96230615,-1.16325117,-0.82383191,2.69987171
