-4.39936127,1.37920332,0.09420760,-0.05222571
1.34211940,-4.57959836,-0.12985780,-0.03927558
-4.55811821,-4.41007329,-0.15108142,-0.16346266
1.61952317,1.48721230,-0.05051583,0.04790205
1.67989804,-4.73844595,-0.02059147,-0.08043021
1.57652718,-4.85809655,0.17651442,-0.03597195
-4.50683020,-4.56055587,-0.10713355,0.09264700
-4.49178069,-4.64297864,-0.21874226,-0.09059167
-4.79931549,1.31741375,0.04927961,-0.06628475
1.24335735,1.58827765,0.03554328,-0.06101986
1.14623000,1.24197783,0.25107682,-0.13339928
-4.32066499,-4.41327357,-0.43744799,0.02748389
-4.61047079,1.59543215,-0.13328384,-0.03826720
-4.69892074,1.82169424,-0.11706656,-0.15215970
-4.55958683,-4.69622123,-0.29661565,0.37345516
-4.59341652,2.23702809,-0.17360611,-0.10087875
-4.78472465,1.74876037,-0.39249832,0.59786787
-4.32409797,1.68805984,0.25825380,-0.00355934
-4.48639634,-4.50739053,-0.00880157,-0.01284476
1.46994011,1.43373174,0.54709078,0.04982524
-5.15877790,2.04888699,0.46072130,-0.12723892
-4.45020000,1.38826264,-0.14488510,-0.13305011
-4.55104905,2.02742970,-0.00473298,-0.03100735
1.58952658,1.66932009,0.03393696,-0.02424110
-4.26545497,-4.34895508,0.16569656,0.05600361
-4.77884412,1.54562937,0.04515980,0.18524564
-4.33609221,-4.43408692,0.21370862,-0.30564634
1.12496066,-4.90330227,-0.36031584,0.23959359
-4.76209279,1.97633798,0.25090315,-0.07026815
1.47217619,-4.47678611,-0.16248874,0.07200348
1.42073714,1.38815876,0.09528210,-0.31394963
1.68637892,-4.46513394,0.72361921,0.54237168
1.37048727,-4.52004713,-0.21480278,-0.01117565
-3.98317769,1.34259933,-0.12916313,0.02289600
-4.16507030,-4.41594008,-0.04060505,-0.16407592
1.65251130,1.63098778,-0.39780419,-0.00572684
-4.52002978,1.45467064,0.25790437,0.10721298
1.39007695,1.47462142,-0.02992876,-0.42749395
1.66349078,1.41675359,0.03712921,-0.00113067
1.49205980,1.52080172,-0.01029135,-0.19196870
1.09483871,-4.50185013,0.01733416,0.06957286
1.51427154,-4.85348035,0.05139940,0.50866076
-4.47052840,-4.75265928,0.12902421,-0.00616636
-4.29049224,-4.25392298,-0.03183433,0.45098840
1.38418987,1.49191312,-0.05446335,-0.12108118
-4.40918800,1.48032505,-0.09532480,-0.01462172
1.46564658,-4.51004099,0.30194214,0.12360551
-4.33938569,1.35944716,-0.11751635,-0.06701193
1.43533162,-4.46068070,-0.04200754,-0.00457394
-4.48885593,-4.47254875,0.27780718,0.01481115
-4.42632677,-3.96531422,0.00379501,0.00053658
1.53091794,1.55689336,0.44012044,-0.16686807
-4.53372586,1.52007215,-0.16918232,-0.10510655
1.63157545,-4.75508714,-0.59622092,-0.25296891
1.48997880,-4.64492053,-0.33442094,-0.07617168
1.18445096,1.10249012,-0.16488788,-0.05805922
1.48613193,-4.50322689,-0.02313975,-0.15044551
1.52556565,-4.54439953,0.09210025,0.25655791
1.60493923,-4.01019576,-0.06392160,-0.18514782
-4.67023485,0.95818628,-0.03751119,-0.92765529
-4.67671652,1.49403254,-0.16295073,-0.19230780
1.11643671,-4.68885019,0.14404581,0.43251439
-4.64198906,1.37591647,0.33885992,0.04623721
-4.48795372,-4.58029839,-0.08414887,-0.00215891
2.20862653,2.32669631,-0.00020986,-0.00035045
1.66598080,1.60088551,-0.38112564,0.26538374
-4.40578316,-4.58192838,0.23281995,0.16334348
1.65160192,1.30714034,-0.06739053,0.03943537
-4.49978760,-4.47498784,-0.01615000,-0.02671452
-5.11254348,2.15460243,-0.11357893,-0.18069504
1.40038356,-4.57468251,-0.18557667,0.10704081
1.71086120,1.28758212,0.04766133,0.17440650
1.35417901,1.68060573,0.09202430,0.01629197
-4.49336532,1.50611184,0.54823047,-0.85407918
1.62714034,1.18891198,0.01570598,0.01861991
-4.59861057,-4.36324099,-0.04659723,0.14783373
1.91145974,1.02470299,-0.09820552,0.07171255
1.62680732,1.27691820,-0.26308929,-0.08253707
1.46768863,-4.63798812,0.10513741,-0.03605354
1.54239659,1.57951514,0.11417575,-0.05259531
-4.70249017,-4.75651981,-0.13778420,0.14174529
-4.51629687,1.48901970,-0.00553816,-0.16041936
1.39541690,-4.40777912,-0.17600207,-0.10185208
-4.91754052,1.80270087,0.02036527,-0.03317298
-4.75385007,-4.38220329,0.10462229,0.09102780
1.63653838,1.40660664,0.33109591,-0.23178988
-4.43772100,-4.53821308,-0.21669771,0.01418483
1.84171345,-4.55615561,-0.04515781,0.05630615
-4.30206998,1.78437632,-0.63237472,0.11787577
-5.32111758,1.31814373,0.11809771,-0.00512841
1.73485750,1.96377078,0.06936248,0.21250626
1.38341067,1.44936939,0.07090727,-0.07123471
1.46684888,-4.49135087,0.00859705,0.00812508
1.79630027,-4.40826347,0.31232585,-0.10455787
1.52733969,1.50772840,0.04333411,0.14825720
1.58416001,1.51554913,0.13609910,0.17093983
-4.58555137,1.67401186,-0.01156781,-0.01507831
-4.36525878,-4.60489420,0.02736769,0.16691287
1.42768567,2.09284712,0.08641597,-0.44402525
1.66881570,1.44543266,0.48869870,0.27106261
1.89835197,1.59850802,-0.40228431,0.10754370
-4.09055919,-4.62566050,-0.09699177,-0.25565223
-4.34997481,-4.64952749,0.13155479,-0.16131482
1.53152209,-4.47225928,-0.21394098,0.39735252
1.70101041,-4.41478045,-0.15737942,-0.08362202
1.45983287,1.54724286,0.15360241,-0.26088458
-4.46489405,-4.60057399,-0.04064809,-0.11184663
1.55919250,-4.58740365,0.26887192,-0.18090799
1.35213734,1.63739700,-0.39870883,-0.45449680
1.51040731,-4.55517817,0.04760191,0.04585212
-4.55361506,-4.47596595,0.04359715,0.28071429
1.46256588,1.54368650,-0.04874026,0.01455343
1.40604798,1.57913847,0.01633294,-0.30937625
-4.52263240,-4.59804513,-0.01444917,-0.01441311
-4.69920206,1.28927291,-0.17319752,-0.18873862
1.56909746,1.47604708,0.13473679,0.15672587
-4.72484039,1.19821339,-0.32126673,0.13966415
1.89262559,1.61957543,0.22878066,-0.24366356
1.29343071,-4.32493335,-0.00774763,-0.01651746
1.47674873,1.50267236,0.14956055,0.23411725
1.64066534,-4.50862702,-0.01026776,-0.03709414
1.48967863,1.61068669,-0.29448866,0.64149813
-4.58783616,1.55557569,-0.55705054,-0.57847806
-4.15173212,1.18534602,0.07766617,0.00372123
1.39174975,-4.49335427,0.22487149,0.00449954
1.31053999,-4.26148851,-0.19344486,-0.98933659
1.46888497,-4.44345535,-0.42188826,0.07430098
-4.30203953,1.71015002,0.30228676,0.38926168
1.42705987,1.21545679,0.23948188,-0.03998548
-4.62568242,1.48356837,-0.07602604,-0.57991211
1.42481725,-4.65352549,0.00705443,0.04476979
1.03133140,1.69423845,-0.00114251,-0.08378233
1.72207837,-4.48543315,0.30512176,0.33997774
1.49979894,-4.50967762,-0.49615228,-0.41403930
1.49429537,1.47238540,-0.09035335,-0.03339952
-4.78156268,1.40713224,0.26937127,-0.13589946
-4.51505318,1.46475515,-0.51474086,0.40780846
-5.06379069,-4.15990807,0.33766585,-0.02268881
-4.53762834,1.92347050,0.01715724,-0.01918066
1.19574285,1.33804190,-0.10347174,-0.21384234
1.01599434,-4.57773341,-0.14639311,-0.19908449
-4.61039515,-4.17498892,0.17651432,-0.07045786
-4.49913244,-4.51908446,-0.09085789,-0.03770283
-4.82255517,-4.18325354,0.04840013,-0.05981870
-4.49931230,1.49966339,0.01887890,0.36540843
1.21678810,-4.47586644,1.14537583,-0.02876835
-4.57918064,-4.37184136,0.33872558,-0.31231896
1.42737519,-4.55924496,-0.16561436,0.10375012
-4.51150873,1.49118032,0.35418625,0.06427885
-4.60625025,-4.49531972,-0.05337415,0.11723752
-4.50392397,-4.49852312,-0.07155449,-0.22275160
1.50219329,1.67842976,-0.00575048,-0.01072528
-4.45537895,-4.45383260,0.03818416,0.30166919
-4.54683296,-4.50832911,-0.76544827,-0.06352939
-4.61370165,1.47681066,0.01325621,0.14889624
2.04024219,1.90749201,0.24813180,-0.13120560
-4.26247740,-4.35157941,0.19958570,-0.20671049
-4.41483267,1.54531913,-0.03324561,0.02066731
-4.47611816,-4.65742800,-0.13091515,0.10144907
-4.67272982,1.57703250,0.00759894,0.12273414
1.48313956,-4.71588644,0.03907370,0.02475618
-4.51045902,1.41246600,0.13724605,-0.00910522
1.74546113,1.53292508,-0.01634689,0.01902309
1.46311523,-4.46698881,0.11119813,-0.06912123
1.97371617,1.39792829,-0.37421106,0.10982827
1.61233120,-4.52427004,-0.00017811,-0.00022288
1.80573530,1.51479218,0.02854197,-0.19410357
1.37604318,1.18304786,-0.27206897,-0.03932407
1.50123391,-4.42927895,-0.45517271,0.04474151
1.31678286,1.48269757,0.44726570,0.07685393
-4.89938184,-4.35142626,0.45341700,0.12076051
1.49494330,1.46747729,-0.04966957,0.15619458
-4.76722212,-4.70464332,-0.19482818,-0.07595326
1.67901076,-4.50196580,-0.01647001,0.31450345
-4.51743472,-4.82293549,-0.10769212,-0.00555769
-4.64960861,-4.35709409,-0.06072212,-0.10988984
-4.48928247,1.33835697,-0.00614127,-0.02583798
1.31144445,-4.28677090,-0.36220910,0.15886018
-4.10420203,1.40818235,-0.08808628,-0.04403093
-4.37387796,1.45282573,0.34959841,-0.18756769
-4.49023161,1.52658662,-0.07575384,0.10600619
1.52331366,-4.43263056,-0.00229779,0.00637104
1.52878484,1.54791668,-0.46209408,0.35620973
-4.41503351,-4.47520609,-0.05700202,0.02690635
1.63454783,-3.99813161,0.06172112,0.75129314
1.39032782,-4.36162850,0.14858095,0.40779970
-4.35745700,-4.52551737,0.07507563,-0.08455283
1.43752723,1.23008479,-0.07473498,-0.10594182
1.36826215,-4.07181616,0.24217883,0.00336466
-4.48869473,-4.53289690,0.26893668,0.15206249
1.74116544,1.89095820,-0.04331816,0.04582270
1.20149116,-4.15947435,-0.23971435,-0.40571774
-4.35148187,-4.07125099,0.12960369,-0.00341642
-4.51295186,1.48387991,-0.03074427,0.55797132
1.54715141,1.52489402,-0.18036638,-0.11188800
1.54799497,1.73303465,0.05665521,-0.78619388
-3.61481207,1.01922267,-0.03437943,0.03404482
-4.06635568,-4.24376072,-0.10069482,-0.17902819
1.47552106,1.69454654,-0.03091983,0.23376341
-4.50382491,1.49584985,0.00273464,-0.07392673
-4.23385555,-4.60282461,-0.22239726,-0.12305003
1.56465251,1.23963380,-0.14098498,0.02562117
1.67523612,-4.42266205,-0.11504099,0.34466878
1.70268045,1.52306429,0.05291960,0.00205691
-4.65783704,1.42146879,-0.00826531,-0.01462899
0.95542993,1.62057818,-0.28994540,0.28852962
-4.24396387,-4.15249971,0.05045955,-0.06250905
1.64000424,1.46226351,-0.00584510,-0.02496200
-4.46865777,1.55763044,0.08706777,0.17514063
-4.28033809,-4.37934679,-0.39853468,0.23641642
-4.48229501,1.35619734,0.20232833,-0.06588009
1.51215080,1.20662964,0.59843269,0.38611286
-4.23913312,-4.80022481,0.27798765,-0.29185159
1.30538177,-4.06534164,0.43090434,-0.29202358
-4.13851935,1.68527785,-0.01318826,-0.07069468
1.58935866,1.49268596,-0.18899809,-0.03582249
-4.50024911,-4.51773551,0.10154419,-0.16125636
-4.23594772,1.43588227,-0.03620212,-0.20405953
1.39913991,-4.70958135,-0.04463781,0.54074105
1.40948330,-4.57105022,0.01280697,0.02872846
-4.55346364,-4.52000777,-0.09613530,-0.23827440
1.22848430,1.67081948,0.23650871,0.09331491
1.44135678,1.57855978,0.49452763,-0.10220793
1.50397367,1.49034136,-0.10292757,-0.32167842
1.50587492,1.50099903,-0.13672412,0.24834853
1.39950960,1.64602132,0.10191731,0.10585152
1.61069559,1.48297256,0.13627649,-0.26772170
1.19548611,1.45537581,0.16959772,-0.10184767
-4.54466680,1.40115966,0.27507644,-0.10353466
1.41921111,-4.40611925,-0.58964167,-0.15778844
-4.72219660,-4.77286782,0.11345682,-0.19833395
-4.66373826,1.69033258,0.30890684,-0.19685801
-4.58053751,-4.75346529,0.03560633,-0.04403692
1.47355628,1.52339711,0.34021790,-0.18186501
1.47802603,-4.47761107,0.39594549,-0.29479893
-4.45054384,1.50489164,-0.01755835,0.18234058
-4.90985446,0.66403827,0.22375309,-0.17884056
-4.50511186,1.45654109,0.29087376,0.21173231
1.19909464,1.49452805,-0.43922773,0.54705369
-4.29228598,1.63678246,-0.30712886,0.12703508
-4.44148800,-4.21111595,-0.06432813,-0.09521217
-4.53804045,-4.58877821,-0.10450221,0.21075053
0.91951416,1.67719024,-0.02075851,-0.03646449
-4.55737565,-4.56258822,-0.03848192,0.18426732
-4.33686250,-4.49282953,0.16655836,-0.27140353
1.63006675,-4.61706443,-0.21527190,0.09109060
-4.55043341,1.42736314,0.18843371,0.09828099
-4.51934693,1.48190431,0.09649393,-0.08525367
-4.58945287,1.63012490,0.15515619,-0.06210403
1.55440991,-4.59995675,0.00774358,-0.15605455
-4.25092858,-4.52571318,-0.27636566,-0.01117001
-4.46835016,-4.46835519,0.34263802,0.24232284
1.40604639,1.02096318,0.00578948,0.13057782
1.30458518,-4.60014866,-0.34618061,0.09140876
-4.44277550,1.78843557,0.09066524,-0.20290949
-4.09617614,1.82131933,-0.01149218,-0.00773128
-4.59590754,1.56860386,-0.01686936,0.04626209
1.72722488,-4.16460297,0.59734466,0.12547934
-4.28969404,-4.37269643,-0.00233757,-0.25555492
1.48959189,-4.51591455,-0.16015750,0.10529111
1.61010341,-4.47555723,0.23032646,-0.36183048
1.80224012,-4.61860492,-0.03956123,0.01580292
-4.40581357,1.54419696,0.24616656,-0.10921748
1.73923678,-4.08296575,-0.08783588,-0.02448342
-4.51545501,1.47315409,0.13731034,-0.06833982
1.65034572,-4.24191497,-0.35378855,-0.07472473
-4.03117228,-4.69594377,-0.00723374,0.18552524
-4.37239913,1.76933973,0.18742983,0.25745552
1.56673076,-4.53328678,0.18961388,0.47119252
-4.56154662,-4.58227034,0.57861501,0.01497304
1.62279983,-4.57472328,-0.20224135,0.12989393
-4.59320630,-5.05736841,-0.38357426,0.36915929
-4.40626089,1.41081978,-0.08966867,0.05571541
0.86914540,1.07156904,0.10600472,-0.67466684
-4.79413794,-4.54290182,0.29421160,-0.06284317
1.50483027,1.54849726,-0.02622530,-0.51215897
2.07780687,-4.86044715,0.44307782,-0.04418064
-4.50731865,-4.36295317,0.45339812,0.15881786
-4.46968552,1.52981554,0.28711634,0.09992353
-4.66189268,-3.90838062,0.03382261,-0.00002878
1.88624553,1.71964858,-0.27520841,0.07167622
-4.10347881,1.90268964,-0.27148898,0.13990981
-4.57112675,1.36830377,-0.16610772,-0.04454067
1.46110007,1.54879308,0.13419777,0.08376752
1.72464166,-4.62412844,-0.24035611,-0.31144740
-4.42171810,-4.41010278,-0.01713838,-0.05094928
-4.22234020,1.44364543,-0.01164341,0.15676094
-4.82243851,-4.25302768,0.01574160,0.15926222
-4.40036627,1.20498131,0.14836022,-0.03247068
1.29094210,-4.50315831,-0.10324706,-0.24092405
1.83444102,-4.11753521,0.15365406,0.03970774
1.54203931,1.66256900,0.05602060,-0.24088599
-4.02314170,-4.41427814,0.17013538,-0.16081684
-4.73541324,1.22784402,-0.01846483,0.16289342
-4.33071300,-4.85838121,0.00380499,0.22064238
1.83811610,1.81868178,-0.52167314,0.09805052
-4.98097097,1.37686388,0.11700995,0.00748069
1.57005884,1.58935699,0.37453921,-0.30870338
1.58804675,1.93685081,0.04589697,-0.19018169
1.51189178,2.04637097,0.04118326,0.03763222
-4.72484395,-4.75906428,0.00990080,-0.07797924
1.51326634,1.48994759,-0.01444362,-0.15397410
1.87881835,-4.58259710,0.00938294,0.03790239
1.61637504,-4.54645317,0.22093405,-0.54137899
1.56293769,-4.77124372,-0.00381798,0.07431933
1.23641271,-4.18511568,-0.43632017,-0.36271704
1.52638149,-4.50687959,-0.10967116,-0.45787298
1.87060321,1.51945527,0.03957224,-0.06057497
1.48092544,-4.37773896,-0.21610318,-0.16438725
-4.54962540,-4.58851447,0.01712982,-0.00211317
-4.24384563,-4.69791736,0.00724147,-0.25584410
1.74444154,1.34359953,0.30623492,-0.44953958
1.55725842,1.13376164,0.01111652,0.16310378
1.35133817,1.33581091,0.06123664,0.16267545
-4.81917060,1.84172148,-0.33222580,0.54390332
1.51736899,-4.54352078,0.19473511,-0.13919077
1.54537065,1.55749053,0.02491742,-0.33712670
-4.32882846,1.87261664,-0.01337213,0.35965339
1.56763686,-4.47286266,0.00527517,-0.10117378
1.55074768,1.08729952,0.02179314,-0.01170964
-4.43768935,1.40658306,-0.63816193,-0.03142035
1.47210587,1.50675270,-0.11920930,-0.20377998
-4.45804060,1.40551044,0.43193509,0.00112114
-4.38732676,-4.53584955,0.03529741,0.03585087
-4.39358399,1.07232766,0.23325154,0.12890159
-4.54219467,-4.30748476,0.05641286,0.05318079
-5.24850073,1.58991454,-0.32116899,0.02999873
-4.49227484,-4.49419242,-0.47754639,0.29888022
-4.02046914,2.49763679,0.40049664,-0.01583727
-4.01865386,-4.24137065,-0.30958009,-0.04523926
-4.57187988,-4.51274796,0.07127608,-0.09237981
1.51793856,1.34122297,-0.23134889,-0.05221348
0.89991707,-4.30609615,0.07274306,0.15114698
-4.38152317,-4.77828806,-0.05680249,0.11070982
-4.31866271,1.54675501,-0.32120670,-0.23024501
-4.50144767,1.49598709,-0.36613606,0.36322923
1.71499542,-4.46026615,-0.27688111,0.02637877
-4.58998468,-4.17107364,-0.01279245,0.02610311
-4.56439632,1.59314570,0.55481093,-0.53226803
1.13880252,-4.29105581,0.05850758,-0.05357589
-4.22808671,1.36050390,0.24920103,-0.19146699
1.73960636,1.39614989,-0.02131127,-0.04740820
1.26715474,1.26535876,-0.01967221,0.00694903
-4.28600405,1.72463252,-0.12498032,0.05776627
-4.49931721,1.47812717,0.01129963,0.01619714
1.45752744,-4.34393599,0.02225766,-0.05780732
-4.51329100,-4.50367358,-0.01210708,0.00749718
-4.56470704,-4.55307525,-0.46469599,0.10192866
1.52445657,-4.50186306,0.35318846,0.00396274
1.46877217,-4.50323633,0.30789008,-0.07731380
-4.82810936,1.45371470,0.20309857,0.29649113
-4.23471735,1.78065793,-0.15078830,0.12413307
1.49328299,-4.33846523,0.39365038,-0.27966317
-4.55497150,-5.16567025,0.09622436,-0.01080424
1.73223168,1.35436146,0.57151738,0.13355733
-4.47910887,-4.43359992,0.04012846,-0.05508255
1.69991382,-4.12040624,-0.10162378,0.10415381
-4.79799039,1.93649156,-0.14535673,-0.00222390
1.50513941,1.56115322,-0.09656395,0.12154922
1.74813879,-4.05218131,0.04190944,0.02123854
-4.81684590,-4.44406201,0.19119861,0.13260067
1.44685382,-4.52123402,0.00169156,-0.03853934
1.48844791,-4.70257308,0.13513963,-0.18756911
1.68046676,1.51936825,-0.28550207,-0.13047581
-4.40704989,-4.47965212,-0.20197938,-0.09056195
-5.02202630,-4.81426697,0.89115366,0.18703181
1.33693906,-4.29634508,-0.36429817,-0.35213702
1.61370873,-4.38990124,0.37804156,-0.19390833
1.52488430,-4.23814981,-0.00868402,-0.03686397
1.60257551,1.56935105,0.18222526,-0.28301102
-4.51366418,-4.56327764,0.20034500,-0.47208338
1.59502617,1.72492885,-0.27213550,-0.00913920
-4.47063787,-4.69191329,-0.17679506,0.31372687
1.70578289,-4.50933058,-0.15198816,0.18908916
1.47232623,-4.36172026,0.00232770,-0.10006924
-4.89258494,2.00383284,-0.01179701,0.00222298
-4.50786724,1.57803921,-0.41085042,0.25344901
-4.62192920,-4.83923781,0.34800639,0.16136511
-4.25890394,1.59658839,0.16187820,0.02992469
-4.30942637,0.97482909,-0.27469820,1.46634376
1.57822938,-4.42902390,0.28325569,0.06864793
1.51160930,1.64951927,0.16207895,0.42579007
1.53074276,-4.44039042,-0.04164468,-0.01787111
1.20301970,-4.76903617,0.14768200,0.25748676
1.75337721,-3.88618710,0.01932589,-0.05001652
1.55833741,1.61842480,-0.14203485,0.08095375
-4.63596124,1.72828290,-0.30267721,-0.19024163
-3.74272055,-4.17229660,0.32362097,-0.09779451
-4.55002423,1.15165777,0.82441037,-0.06826369
1.43024215,-4.56939025,-0.00004025,0.00007762
1.22160305,1.23353295,0.02276852,-0.00632782
1.27914234,-4.66146425,-0.05100250,0.03928781
-4.50138169,1.49993316,0.15129627,-0.00636561
1.29797398,1.36212067,0.18626070,-0.12283322
1.69755107,1.58839827,0.00439116,-0.01620064
-4.58364257,1.56639325,-0.17095188,0.17764722
1.74427001,-4.53829674,-0.01101738,-0.00141168
-4.49910044,1.49987639,-0.01872083,0.25347928
-4.31751152,-4.55245497,-0.03809108,0.29256558
-4.45443266,1.57002180,-0.40887263,0.98941096
1.50563001,-4.49765827,-0.25742269,-0.11598011
0.97454130,-4.86130672,-0.13200537,0.51488892
1.64699694,-4.73005222,-0.01760522,-0.07138596
1.16495945,2.08420637,0.18423458,0.39110777
1.51359867,1.55082344,-0.64770939,-0.10585961
1.45405836,-3.76306134,0.01561652,-0.34070824
-4.64098243,-4.34639679,0.03326042,0.07035188
-4.24786421,-4.94503386,-0.14300720,-0.33089748
-4.83417974,-4.75979260,-0.21395281,0.14549915
1.44292791,-4.16202287,0.17650169,0.16501135
1.65882258,1.51493748,-0.18759652,-0.08678192
-4.61097916,-4.29920309,-0.35203563,0.23035813
-4.29897965,-4.22548257,0.05129812,-0.02826004
1.41992499,1.48488681,0.00819452,-0.43185924
1.48956410,1.47608635,0.14966545,0.03773646
2.01538206,1.03649048,-0.00361361,-0.48124143
-4.31358815,-3.81013818,0.00209761,-0.02170975
-4.69893741,-4.69554924,0.23461851,-0.20345350
1.41950930,1.47194610,-0.01735183,0.03410406
1.33848091,1.50112741,0.43846554,-0.18333060
1.58349346,-4.57869905,0.35366690,0.07907453
-4.33713694,-4.06345771,-0.22817300,0.00690230
-5.04316382,-4.17686398,-0.15886697,-0.49208277
-4.57873994,1.63474806,0.21994862,-0.14422881
1.37015714,1.39644401,0.33828236,-0.12833184
-4.22448840,1.25050409,0.18694999,-0.04057196
-4.29166836,-4.48787553,-0.22936547,-0.35119260
-4.17849844,-4.56572517,0.03076298,-0.02279941
1.60383959,-4.37590517,-0.27870661,0.08415496
1.39252496,1.45195157,-0.14644278,-0.17532738
-4.48191721,-4.43604484,0.30023050,-0.36047852
-4.63719651,1.56545828,-0.17946967,-0.41529139
-3.97366626,-4.89180613,-0.02513137,0.17570452
-4.60247244,-4.57683986,-0.11416546,-0.10711381
-4.30154513,1.07871315,-0.04351361,0.01749171
-4.36998973,1.35883126,0.13623497,-0.10332360
1.78539667,-4.47495367,-0.01403378,0.04723516
-4.45259869,1.40272829,0.02302786,0.00773980
-4.43381476,2.02565996,-0.08404733,0.16623831
1.47579059,1.55765033,-0.16034860,-0.57582317
1.49876586,-4.50069051,-0.21402822,0.00967195
-4.48867008,1.48033077,-0.37110061,-0.33367479
1.01088189,1.56195078,-0.16292170,-0.03069858
-4.91877297,2.20437336,0.01760470,0.11575656
-3.78309469,1.54968720,-0.03610841,-0.00244819
1.41842445,1.45359460,0.05185342,0.08393010
-4.47098517,1.56833849,-0.20051681,-0.19826467
-4.21179633,-4.89198177,-0.02495423,-0.01656321
2.16247400,-4.83690454,0.02847906,0.02156523
1.74597365,-4.43613767,-0.07278821,0.01569674
1.67108063,1.18473189,-0.07216986,0.34781252
1.22541769,1.43627398,0.15308357,-0.01180859
-4.36327903,-4.89803975,0.43553156,0.04172241
-4.50720003,1.49595523,-0.89054864,0.32928576
-4.80909181,-4.92000351,0.15391750,-0.16164839
1.57279678,1.18686689,-0.15192837,-0.12203026
1.49655488,-4.37678313,0.12189061,-0.09880818
-4.54419426,-4.47768898,-0.16141900,0.20059337
1.98516731,-4.52450865,0.00272148,0.00529188
-4.47690777,1.46314185,0.23440198,-0.19029379
-4.43327086,1.52488581,-0.00174985,0.05395704
-4.44475222,-4.45093893,-0.05380726,0.19031295
1.26215760,1.64204035,0.15439181,0.21763029
1.38495072,-4.83743845,0.17269293,0.12496044
1.54520921,-4.86041752,-0.05941520,0.03886606
-4.75635035,-4.41195247,-0.05575480,0.02738186
-4.48855939,1.27474306,0.12148384,-0.20186232
-4.62857131,1.18062825,0.21153997,-0.13217855
-4.36290803,-4.73862655,-0.07311845,-0.14934028
-4.67115201,-4.56337251,-0.06381135,0.07301725
1.79206860,1.28702917,-0.05183242,-0.50918820
-4.49375990,1.50223043,-0.05341749,0.03816847
1.40281701,1.51039090,0.21192444,-0.14152703
1.36577843,-4.51281651,0.35268586,-0.07314168
2.00280383,1.66318264,-0.04634113,-0.17086020
1.06125892,-4.41623441,0.17221489,-0.02327962
1.50346057,1.49498046,0.01488547,-0.02146602
-4.60040645,-4.58115900,-0.20897479,-0.03851861
1.66060960,-4.71884253,0.03779552,0.41983582
-3.92909431,1.25505360,-0.47963193,-0.02990703
1.47475776,1.50220571,-0.13103883,-0.29617980
-4.50686216,-4.49019820,0.00607251,0.02434195
-4.01287417,-4.18026298,0.02714054,-0.01217298
-4.68188391,1.91323330,-0.03960042,0.01427748
1.65657526,1.84560380,-0.36497545,-0.11483541
-5.06218307,-3.83645472,-0.17961868,0.07831128
-4.41166464,1.30486887,0.51727914,0.47243960
-4.59388062,-4.39732400,-0.11761421,0.12181177
-4.05230172,1.64250849,0.02175802,0.08028365
-4.33976161,1.83750130,-0.03452449,0.07144142
-4.63491263,-4.46753464,0.01728028,-0.53080470
1.48923148,1.50691656,-0.43894208,-0.07970803
-4.13619827,-4.61499994,-0.65481924,-0.04427511
-4.34347657,1.49784437,-0.04774168,-0.06464499
-4.50355621,1.51372886,0.10077331,-0.24915495
-4.30600479,-4.47526193,-0.30903421,-0.20484086
-4.92854993,-4.23934042,-0.02180261,-0.01616262
1.41311976,1.48987365,-0.30995018,0.00498749
-4.72041278,1.44351518,-0.02576296,-0.18887636
1.43795303,-4.50820900,-0.12141831,0.03836289
1.12923112,-4.73213327,-0.07762389,-0.00603605
1.48451590,-4.51103789,0.00541060,0.02211060
1.41172299,1.40260442,0.17197009,0.40000292
1.67825726,1.39323646,-0.34271341,-0.17999144
1.47980340,-4.33010276,-0.07946180,0.01552715
1.58874635,-4.64228563,0.00395641,0.00421674
-4.46763119,1.46118501,0.01124903,-0.01067037
-4.37932162,-4.48630629,-0.08779219,-0.06757085
1.78401018,-4.68616751,-0.26891742,0.15395447
1.32830185,1.31425722,-0.14629774,0.10628746
-4.59911903,-3.77593372,-0.08048875,0.37353423
-4.22273977,1.81069724,0.09569841,-0.04245646
-4.45975381,-4.29809732,-0.00025197,0.00006645
-4.49896489,-4.48097946,-0.32346949,0.19671976
2.00000315,-3.76807700,0.02624684,0.00924923
-4.52115591,1.44889556,0.16907715,-0.08860033
1.43218232,-4.24890813,0.05012659,-0.12122129
-4.25559137,1.27519508,0.12398148,-0.33899855
1.87941359,-4.83772036,-0.05798018,-0.00393112
1.50452679,1.35162088,0.09986234,0.15429561
1.40580074,-4.60672778,-0.26312421,0.44730033
-4.06733376,-5.12660074,0.22203480,-0.25222463
-4.30528650,1.25864586,-0.14647811,-0.10628969
1.43410739,1.67938316,0.14086802,-0.11578010
-4.81574660,1.36568449,0.01461942,0.01321951
1.76464195,1.39897647,-0.00027879,-0.15990527
-4.96477706,-4.96301207,-0.06114392,-0.10120533
1.78328768,-4.50620556,-0.13828979,-0.06886068
1.37446819,-4.12433850,0.01998219,0.00825164
-4.40639920,-4.29324560,0.04925643,0.01408945
-4.48406622,1.29677163,0.06646582,0.21510448
1.51160266,1.13516027,-0.01365410,-0.39699602
-4.50352639,1.69341518,-0.00579860,-0.01141620
1.29515631,-4.32141393,0.12535093,0.02929021
1.61931335,1.52604629,0.12241453,-0.07934127
-4.50611185,1.50649647,0.60224692,0.16343649
1.41906407,1.92556230,-0.26864803,-0.02590164
-4.22983888,1.41152328,-0.78745645,0.29993066
1.73262272,1.76570190,-0.05580102,-0.00988226
-4.45041572,-4.56913623,-0.12267346,0.01606873
-4.31830607,1.48686805,-0.00896579,-0.09440562
-4.49747116,1.24211019,-0.07948990,-0.37555570
-4.28558455,2.03939757,-0.05971090,-0.01563260
1.49846214,1.50153706,-0.06462870,0.09530374
-4.49176537,1.66580787,-0.07907301,-0.08968694
-4.52096502,1.56961797,-0.35935483,-0.03022390
1.42830305,-4.48421762,0.17680338,-0.13462206
1.75844480,1.08146577,0.00180211,-0.04063221
-4.27726574,-4.37152809,-0.07005721,-0.29456497
1.62157668,1.35935145,-0.33125316,0.59391814
-4.45252323,-4.32843648,-0.16047535,0.06272572
-4.58468570,-4.52785115,-0.02288499,0.17008533
-4.48350502,-4.27432873,0.17834461,0.14262245
1.49503770,-4.56118568,-0.11299767,-0.30056435
-4.48301344,1.50628132,0.00940137,0.01606738
-4.14482986,-4.38014288,-0.12710573,0.40482785
-4.58472316,-4.41980808,-0.01836511,-0.06196685
-4.56835767,-4.47716197,0.16997967,0.21377659
-4.29962140,1.63170086,-0.02654074,-0.01654114
-4.62468421,-4.45890446,0.09560538,-0.35263405
-4.03508387,1.18247078,0.36604289,-0.69059650
1.72209356,-4.67517144,-0.01876934,0.02988200
1.12465327,-4.68095912,0.58212263,-0.88425807
1.52478945,-4.52465306,0.71690589,0.34311485
1.50203886,-4.40511022,-0.23311730,0.16834066
1.50801830,1.15936902,0.05530489,0.06500135
-4.57530195,1.27131325,-0.49385346,0.26515360
-4.37720107,-4.49944784,0.44030260,0.26864851
-4.50376035,-4.17062383,0.10078184,0.10763840
1.21821756,1.51384756,0.17404358,-0.02169024
1.76877746,-4.62243951,-0.30486278,-0.37911674
-4.72655320,-4.37986524,0.05588321,-0.05970862
-4.58766814,-4.45445582,0.19453627,-0.56814472
-4.71399935,1.74792585,-0.03590799,0.44337567
-4.49833586,-4.50030489,0.05914278,-0.31346093
1.28270636,-4.65983075,0.20453155,0.25629443
-4.35874293,1.84836249,-0.14546527,-0.49147358
1.27940664,1.16041799,0.12814741,-0.30027134
1.24635812,-4.26141852,-0.38420211,-0.48176766
1.53414146,-4.36348536,-0.20241323,0.08312683
-4.61740704,1.23481517,-0.18299243,-0.29007742
-4.51418743,-4.67376249,0.02285553,0.15265002
-4.68157200,1.48929449,-0.21122362,0.05398004
-4.21896615,1.20097523,-0.08004377,0.05235952
1.51505592,1.38553081,0.14312272,0.19067348
1.77762951,1.50691061,-0.33317548,0.01400908
1.61204829,1.53755516,-0.11190398,0.02606192
-4.50650086,-4.44554758,0.27039980,0.34464189
-4.32041853,1.32793684,-0.14692721,-0.13572528
1.45242399,1.21173566,0.09647798,0.12012955
-4.48473594,1.68507859,0.44157646,-0.12005339
1.64765482,1.63108503,-0.17344723,0.00993189
1.39246924,-4.63899144,0.31097146,0.25886587
1.78189307,1.33518777,-0.86969154,-0.02261672
1.56782676,1.71525508,-0.00236406,-0.01390399
-4.57668493,1.53308863,-0.36026219,-0.29840006
-4.68631633,-4.56155249,-0.20899571,0.18872483
1.55890250,1.13095907,-0.00198801,-0.00340832
1.64324058,1.63778449,0.27648718,-0.22904917
-4.38706001,1.71852181,0.10539371,-0.11507070
-4.13137706,-3.95572941,0.16320315,-0.24198467
-4.52081950,1.45341506,-0.16835908,0.05776206
1.95106817,-4.24038107,0.09878808,-0.10065182
-4.40441584,-4.19133736,-0.03708260,0.07533131
-4.57828151,1.64719376,-0.13485528,-0.07978829
1.67176223,1.49860986,0.42526340,-0.17750530
-4.09736888,0.76772349,0.12184409,-0.05447693
1.67928231,-4.21886403,-0.05628199,0.02301915
-4.91426812,1.54849733,0.03023748,-0.06540474
1.60525807,-4.25876568,-0.46515927,0.14611656
-4.59112387,1.80684095,0.27643532,-0.24603753
1.44333100,1.38927996,-0.01116323,-0.06407891
1.55658790,1.46024160,0.23968534,-0.35668091
-4.33831945,1.49064825,0.08989683,-0.29546260
-4.43114569,-4.25439569,0.00862614,0.04092047
1.59389253,-4.71851591,-0.01752149,0.08447399
-4.46714925,-4.49009619,-0.00309789,0.00249446
1.30070912,1.35772564,-0.39180619,0.72385041
1.37699152,1.00622534,0.14757828,0.09985131
1.74999186,2.04431770,0.05728224,0.10139371
1.59986061,-4.51893190,0.53493735,-0.64457521
-4.38110186,1.75082027,-0.08682287,-0.10036359
-4.72073471,-4.38904173,0.35373625,-0.33411782
-4.46867240,-4.50678686,0.37713155,0.35709348
1.71989396,1.58821065,0.00662017,0.00561567
-4.38444335,-4.48473057,0.18942228,0.02816470
-4.51889217,1.49744506,0.06323788,-0.22405150
1.88884567,-4.48385636,-0.05696203,-0.01751884
-4.48076682,1.24320611,-0.24444119,0.26520457
-4.70420368,1.17799534,0.32917390,0.09268054
-4.48049226,-4.09995858,0.01176571,0.04744404
1.31697311,1.51270028,0.04878859,0.25431945
1.11459833,-4.24477592,0.11186986,-0.00144443
-4.65032443,1.66204608,-0.03670385,0.00819501
-4.71420675,-4.49148308,-0.02480887,0.00850554
1.50335510,-4.38657668,-0.13678790,0.13999304
1.21354950,1.40576743,0.34011179,-0.06215818
-5.08207602,-4.27738526,-0.04986874,-0.09667669
1.35556648,1.94337491,0.11152165,0.20616554
-4.35704843,-4.41026258,-0.05987049,-0.03491926
1.49051850,1.42349088,0.01266153,-0.00724292
1.43513764,-4.46807802,0.36418473,0.35839366
1.53517582,-4.55891123,0.02950434,0.03707995
1.64127542,1.20296880,0.05642091,-0.38222955
1.51391506,1.48240080,-0.03628663,-0.07575488
-4.55492343,1.44191215,-0.01001606,-0.06642011
-4.56581658,1.50961035,0.00693594,-0.03409952
-4.59683562,-4.52757613,0.40771857,0.54573114
-4.49504206,1.70261770,-0.23909243,-0.02693650
-4.45191221,-4.45446601,0.10670410,-0.62155422
-4.29093298,-4.59643511,-0.00454054,0.05578855
-4.61854750,-4.36294454,0.10960441,0.00450301
1.46042705,1.44954774,0.04837521,0.32390853
-4.37920509,0.85690816,0.06424493,-0.05501859
-4.98871135,-4.42083640,-0.16312484,-0.06981137
-4.62065119,1.41196132,-0.18151402,-0.21104680
-4.31742393,-4.47801713,-0.06666259,0.49778812
-5.00777368,1.59220472,0.11876771,0.31296035
-4.93722379,1.76165182,-0.00373295,0.08434756
1.51329011,-4.45676716,0.26927780,-0.53708082
-4.52396522,-4.54714064,-0.84026557,0.09836232
1.80184522,-4.57953262,0.11547109,0.02440869
-4.53912307,-4.44747582,0.06870958,0.08186759
-4.38881934,1.34844235,0.31672254,-0.01327164
-4.47561017,1.54761327,0.07034132,0.06693357
1.27472098,-4.20757445,0.01326086,-0.01588013
-4.54875866,1.83679291,-0.21950218,-0.04394722
-4.47576446,-4.31965553,-0.37163342,-0.20489489
1.05726152,-4.70723776,-0.02351775,0.03886230
-4.93063563,-4.75110739,-0.38757459,-0.11157711
1.50156599,-4.46093603,-0.11473975,-0.06911404
-4.43768034,-4.38323780,0.22705716,-0.25274995
1.51063382,-4.30091299,0.30561364,-0.18927073
-4.48189184,-4.47983967,0.04635200,-0.04680938
1.60728681,-4.58491054,0.19146515,0.03797993
1.21662234,1.63772812,-0.02233792,0.07571116
1.32668308,-4.37804988,0.04614280,-0.02012824
-4.78319851,-4.61446489,0.06367244,0.02077963
-4.39859904,-4.17723459,0.24070429,-0.13072178
1.51149695,-4.32363704,-0.08216272,-0.00859023
1.50009040,-4.49476210,0.22499632,0.09125535
-4.59817973,-4.44753220,-0.01550589,-0.04433547
-4.19567452,-4.45217046,0.00770880,-0.21179132
1.68552710,-4.74660723,-0.11824097,-0.08726104
1.10142733,-4.08518397,0.25876265,0.19477461
-4.41407842,1.67745164,-0.16959252,0.16727101
1.56290788,-4.02149266,0.05558406,-0.07966101
1.63990607,1.42008278,0.04261681,0.06931797
-4.50826127,1.51221458,-0.19689756,0.07025576
-4.64349947,-4.45758038,-0.23760970,0.36180290
1.73280838,-4.33654852,-0.04348583,-0.13439532
1.49995726,-4.49422665,0.06716765,0.32942248
-4.68185414,-4.40047486,-0.08549181,-0.02984156
-4.04103733,1.42146396,0.38764192,-0.00210384
1.43683319,1.51350294,0.29251761,0.25196471
1.42327004,1.47596194,-0.03590749,0.02498935
-4.49412821,1.48719768,-0.12293531,-0.14433417
1.63700827,-4.39700123,0.51715797,0.01705281
1.34073820,1.18527735,-0.16281603,0.19581866
-4.76275270,1.36400552,0.04875507,-0.17036065
-4.56876958,-3.92613619,-0.07527533,-0.24756587
1.67244778,1.58611198,-0.07205185,-0.04436278
-4.32931231,-4.76999093,-0.16480062,0.16311656
1.44731898,-4.49328300,-0.15996307,-0.06572285
1.80435480,1.40825671,0.13421401,-0.07774448
-4.92686859,1.34870542,0.31966231,0.25670234
1.49813051,1.56824913,0.00639455,-0.00847123
-4.38843293,-4.40274937,0.02748730,0.11211641
-4.18685428,1.51098287,-0.07920069,-0.17625091
-4.64039228,-4.26495259,-0.14169918,-0.12942547
-4.38879247,1.50754890,0.13943801,0.10816025
1.45751237,-4.95959322,0.14698084,0.00034575
1.49201214,-4.51282727,0.04961244,-0.48367654
1.49099702,1.50673548,-0.01220077,-0.00059049
1.53215660,-4.33211757,-0.41495409,-0.12752877
1.51486668,-4.02338018,0.28106941,-0.26180838
-4.19400934,-4.75692885,-0.18072546,0.37410632
1.32341779,-4.27538387,-0.21135504,0.02998037
-4.58212190,-4.33599002,0.10247955,0.07284635
-4.46389098,1.26973441,-0.00873931,-0.00120452
-4.20165500,1.02261784,0.20076031,-0.33329356
1.59401445,1.66544868,0.00813669,-0.00003716
1.32590125,1.36809669,0.01912858,-0.31736659
1.45505269,-4.50714469,-0.02327750,-0.04438317
1.48472357,-4.50436166,0.18819566,-0.26705812
1.21079603,-4.48885757,0.00105459,0.00059169
-4.58485382,1.34324121,-0.03290652,0.01225867
1.42556390,1.17799133,0.00661444,-0.02972672
-4.27526852,-4.53087966,-0.37376621,-0.61681719
-4.67056674,1.61557853,0.09860624,-0.01473229
1.34153101,1.24497337,0.26858857,-0.34759858
-4.89018414,-4.43584655,0.26587040,-0.27975889
1.41747142,-4.33026859,-0.01359854,-0.02172407
-4.19453666,-4.59899229,-0.15678265,-0.16084637
-4.83380156,1.37600038,0.02243460,-0.07634154
1.67535223,0.89357714,-0.13318251,0.20428111
1.28291444,1.71297226,-0.05480065,-0.20595660
1.42052707,-4.45196180,0.22609303,0.16943274
1.00845588,-4.34148639,0.05985463,-0.02473285
-4.50351026,1.49896690,-0.12686686,-0.22337504
-4.63034576,-4.25626337,-0.25538889,0.13794927
1.44627770,1.25729245,0.12464775,-0.00824993
-4.38919805,-4.35239141,-0.00682270,0.01195243
1.33234678,1.67525088,-0.06437426,0.01663355
-4.50906672,-4.35354806,0.01036196,-0.03400453
-4.41983403,1.49737124,0.36655908,-0.59323878
-4.45446174,-4.57645012,0.97184528,-0.23636412
1.43324996,-4.95576737,-0.22885598,0.00453535
-4.21093497,1.46722611,-0.00691593,-0.01357525
-4.62577446,1.50993359,0.01804250,-0.30950774
1.45973002,-4.50957941,-0.30111501,0.05658193
1.85725899,-4.55536160,-0.16882866,0.03162769
-4.52124633,1.51210729,0.20766780,0.04133937
-4.46412122,-4.88495824,0.01336757,0.00050892
1.49229062,-5.06872753,-0.04785544,-0.63718189
-4.58226454,-4.38296535,-0.18837674,0.27096463
-4.79265313,-4.52890954,0.07516339,0.11064429
1.36704513,1.73809279,0.12598198,-0.36798914
1.59037360,1.52939112,-0.28474998,-0.05797255
-4.47301748,-4.45733236,-0.13812661,-0.07214091
1.54363077,-4.55121385,-0.02378107,-0.34531152
1.94449675,-4.76964301,0.12594572,-0.13134432
-4.51541119,1.52947846,0.48850629,-0.05278305
-4.87923494,1.31775193,0.07092951,-0.07823306
-4.29271867,1.42149276,0.03478909,-0.03489242
1.42584694,1.50004355,-0.28960853,-0.17412908
1.59348522,2.02049402,0.01032504,-0.05646292
-4.32921476,1.52921042,0.11502549,-0.14853441
1.49895048,1.49778452,-0.01983031,0.05696543
1.23559044,1.49786828,-0.11486057,0.12990112
1.38985352,-4.58460733,-0.10198620,-0.17519206
-3.99740448,1.75849254,-0.03618060,0.22441225
-4.66883612,1.45328279,0.14183076,-0.08546878
1.82096066,-4.69797161,-0.07601884,-0.62721050
-4.45377734,1.11320583,0.22232118,-0.06492763
-4.45833193,-4.49066818,-0.11121365,-0.39135633
1.19139354,-5.07733100,-0.03378983,-0.35769971
-4.44600639,2.06486669,-0.02012025,0.18842083
1.45104487,1.37728980,-0.00208522,-0.01539112
1.48816446,-4.61860332,0.07916942,0.04030967
-4.68417624,1.22394572,0.00384508,-0.00288350
1.70484845,-4.73456988,-0.27739554,-0.03948016
1.58516550,-4.48337201,0.01806195,0.10645177
-4.09946693,1.43333599,-0.00339593,0.03937504
1.24913569,1.83591688,-0.25476292,-0.04886582
1.71693882,-4.32835996,-0.30402641,0.14801029
-4.60895464,-4.57539628,-0.06750647,-0.06859096
-4.40298390,-4.55793079,-0.23173137,0.26180959
1.46991593,-4.71245897,0.19139242,0.07296819
-4.59253961,1.34097620,0.08731948,-0.32113945
-4.62540859,1.53101761,0.33537490,0.11671222
1.35083924,-4.80200230,-0.77669101,-0.15011901
1.48796163,1.47947680,0.09677800,-0.02340933
-4.49406428,1.34348848,-0.12849281,0.11442691
1.56929522,1.23933683,0.04765707,0.04255555
-4.48365097,1.60740250,0.25665528,-0.10648364
1.27057848,1.48992870,0.26497687,0.12060596
-4.50241125,-4.42502945,0.10664106,0.04114679
1.06338833,1.79665172,0.09575006,0.22415732
1.55638321,1.64023180,0.04209632,0.02394014
-4.59367600,1.80250607,0.21124867,0.16253683
1.36387834,-4.63934285,-0.01490392,-0.10512613
1.39755091,1.42136536,-0.12708598,-0.72183770
-4.50940787,1.53620736,-0.82374865,0.84544492
-4.43837582,1.52369920,-0.09081193,-0.00299065
-4.58731288,-4.83733104,0.41925489,0.28069415
1.61322476,1.82845232,-0.22150809,-0.68251756
-4.21625099,-4.54519042,0.37140075,0.10228318
1.71494942,1.27471378,-0.22538682,0.10953917
1.82079200,-3.98316198,-0.32129754,0.23234648
-4.04550655,-4.48985773,0.16099862,0.27486722
1.51731598,-4.56415818,0.00403841,-0.00979053
-4.77804023,-4.12119197,0.01918869,-0.05965767
-3.98622850,1.52889093,0.14842336,-0.32400321
-4.94944748,1.81574036,0.63604108,0.18822118
1.52330206,1.81682167,0.16400348,-0.01897934
1.30062382,-4.50695681,0.07360651,0.00651098
-4.58097637,1.72534028,0.46131316,0.13904656
-3.95947796,1.17243870,0.62647989,0.20167218
-4.38293247,-4.57626959,-0.01553551,-0.34660737
1.58088578,1.40751364,0.25499806,0.20250435
-4.32357747,1.81583592,0.05490792,-0.05453409
-4.40769202,1.41953998,0.02336473,0.31896606
-4.97826028,-4.62973746,-0.26113495,0.31988855
1.83299912,-4.46997648,0.42638454,0.07135141
-4.53941828,1.46709155,0.12449746,-0.17599949
1.49772777,1.39245660,-0.07898048,-0.22413863
1.59826395,1.84988258,-0.24607526,-0.18583142
1.77911496,-4.49932218,-0.31399343,-0.12881956
1.26140701,-4.52673466,-0.32332927,-0.14530836
-4.05662647,1.36551588,-0.03861493,-0.00427718
1.25986857,1.30445600,0.17148983,0.23482269
1.92654282,1.94821220,0.33435586,0.27417887
-4.07089934,1.60552037,0.15372479,0.09190987
1.48031387,-4.52268317,0.14438498,-0.08140580
1.73790777,1.43168949,-0.16835758,0.23126936
1.54954863,1.42860309,-0.07131393,-0.12662756
1.46435655,-4.43297207,-0.07514338,-0.21513736
1.49600330,1.49712556,-0.01409633,-0.01270116
1.40157349,-3.84089262,-0.38702664,0.14494596
-4.74252002,1.37775390,-0.00921647,-0.14298192
1.33392583,2.02872524,-0.01073576,0.05461423
1.69327449,1.50362268,-0.03608543,-0.02308023
-4.94138362,-5.40152268,0.24514715,-0.05705361
-4.61633935,1.47595935,-0.48308788,0.15624380
-4.34763487,-4.15737870,-0.14715465,-0.27610228
1.18361533,-4.35437149,0.48162995,0.27797905
-4.82928261,-4.55713764,0.15964489,0.13939953
-4.51022846,-4.55723868,0.17993467,-0.05379282
-4.83824057,-4.62110897,0.14396705,0.05630638
1.92370929,-4.59236780,0.08187140,0.06309266
-4.19989572,1.29700627,-0.01216458,0.11625635
1.31613233,2.26871653,0.10082409,-0.12005061
-4.53321761,1.58288369,0.11956976,0.09829485
1.25384229,0.58574777,0.00026234,-0.24630013
1.54840765,-4.51850792,0.06676982,0.12774733
1.58969143,-4.45181767,-0.17807859,-0.52924574
-4.49906387,-4.40813283,-0.06403175,0.16200701
1.56623478,-4.59102302,0.02472794,-0.00940305
-5.08750400,1.64050831,-0.39348673,0.63234111
1.56371316,-4.48582864,0.03876046,-0.04941085
-4.76344476,-4.68424605,-0.00763871,0.04389251
-4.53038039,-4.60238207,-0.15866933,-0.09947743
-4.61579503,-4.55827253,-0.51737059,-0.08383706
1.37099865,-4.67074229,0.15442143,0.04818545
1.25708318,-4.37083759,0.00723851,0.28785053
-4.76324353,1.28768893,-0.00455718,-0.00082282
-4.86036652,-4.26934340,0.13183040,0.10951918
1.42868478,-4.55424312,-0.68011538,0.08164691
-4.09185831,1.20634859,-0.27923201,0.06605417
-4.66306147,1.49249171,0.04365275,0.10524232
-4.76613081,1.45267301,0.27869506,0.05367312
-4.48626441,-4.25246650,0.20542023,-0.22965751
1.22212366,2.09315763,-0.02595637,-0.00221320
1.80053128,-4.39430049,0.24052032,-0.19680317
-4.47639775,-4.62938749,0.09954325,0.01815082
-4.48883111,1.26865743,-0.26992823,0.23918373
1.49023620,1.47279235,-0.06059402,-0.07982299
2.10049068,1.61219296,0.11145204,0.07234186
-4.75660597,1.31051309,-0.55775393,0.17779174
-4.74148633,-4.63203001,0.57845917,-0.05225858
-4.50007579,-4.50000562,-0.00012561,0.00209243
1.44246163,1.49846816,0.02564478,-0.07633686
-4.57155814,-4.80992911,0.07559696,-0.06280679
1.24137407,-4.62544432,0.05886887,0.14978184
1.46134656,-4.51244413,-0.04429767,-0.04445822
1.50884258,1.49688478,0.08818959,0.55500717
-4.50945240,1.66313163,-0.00597185,0.00094572
-4.84445329,-4.62214258,0.08824114,-0.33028555
1.49028754,-4.65413842,-0.04983732,-0.03683083
1.39754804,1.02578345,-0.12660683,-0.13107849
-4.39192515,-4.10562211,-0.08100832,0.19928630
-4.48893101,1.54007023,-0.01588573,0.04003266
1.54714827,-4.50242153,0.03233670,0.01132242
1.30426790,-5.04236911,0.00599424,0.01852349
1.23735752,1.17169649,0.52359019,0.04053780
1.51437307,1.49855772,-0.03703796,0.03498631
-4.28355942,2.29106985,-0.30708046,-0.25431670
-4.46515543,-4.30314547,-0.04674238,-0.03628191
1.49507674,1.76328550,0.09875249,-0.05403917
-1.09999810,-1.02942798,1.54971200,1.99274882
