-4.57406967,1.84567739,-0.28036747,0.01383400
1.27680927,1.69915761,0.31832156,-0.16061725
1.66762792,-4.31571137,0.02606573,0.08543214
-4.15517994,1.79910426,0.09208041,-0.02124912
-4.37378026,-4.32230917,-0.42386391,0.00217187
1.61870511,-4.54572466,-0.07346881,0.01376619
-4.26325845,1.65148289,0.07090513,-0.02030199
-4.57789926,1.51120790,-0.59640014,0.11352488
-4.60714698,1.62165204,-0.04478598,0.09063481
-4.53246963,-3.97561777,0.37226768,0.08892441
1.45765017,1.21252588,0.02430154,-0.02754403
0.86491575,-4.48740247,-0.39842145,-0.25330482
1.49973179,-4.49972325,-0.15317796,0.04899733
1.57962667,-3.97239276,-0.14133886,-0.05089088
1.71398602,-4.96417052,-0.03807983,0.26114654
1.53582542,1.39057415,-0.20695732,-0.30505351
2.26056519,1.14902993,-0.13761875,-0.15464939
-4.50216332,1.46255308,0.04375630,0.18565273
1.48020293,-4.54550500,-0.04000531,0.38123554
-4.50158747,-4.54737664,0.27162938,0.14927441
-4.44188400,1.18849174,0.32336196,0.33768018
-4.41932858,0.78776137,0.32370824,-0.07306855
-4.49203357,-4.52442116,0.00004318,-0.27778970
-4.52587786,-4.44597861,0.05681587,0.02478616
1.52423902,-4.66215639,0.09996634,0.00941130
-4.47563387,1.50075201,-0.10721239,-0.26294061
-4.40421573,-4.26267763,-0.27058615,-0.25086493
1.35996933,-4.39455915,-0.21487920,-0.24696711
-4.73048017,1.14717733,-0.03126702,0.03073146
-4.54531023,1.41041664,-0.04432059,0.01565008
-4.78443555,-4.35771202,0.11721082,0.23672531
1.47323277,-4.60850773,-0.06772669,0.01779535
1.41573557,1.33451475,-0.66529552,-0.00380300
-4.13884369,-4.25050026,0.02356426,0.05796008
-4.22231729,-4.43721611,-0.03550292,-0.15525527
1.44621788,1.39291160,0.01762508,-0.10798208
1.54497853,-4.43993806,-0.13536864,0.14896161
1.51735817,-4.64837098,0.35196333,0.54659843
-4.66436431,-4.40891541,-0.18614846,-0.07661681
-4.58257849,-4.68294992,0.10415803,0.05810136
-4.38155413,-4.55000821,0.17601184,0.50036609
-4.54210829,-4.49140723,0.55787663,0.24110631
-4.55571947,-4.71234293,0.16178970,0.15272178
1.67545127,1.68588572,-0.09005696,-0.02637546
1.38158773,1.28727284,0.03361050,0.03056481
1.04191386,1.37198858,-0.17895328,0.05172657
-4.42847457,-4.24663400,-0.02895167,0.01456777
-4.35898977,-4.73970608,-0.15190922,-0.06663661
-4.54114809,-4.54415394,0.04488116,0.02472141
-4.78099038,-4.60457644,-0.22165125,-0.40797076
1.67975440,-4.56549150,-0.27754781,-0.14496261
-4.41431901,-4.67111305,0.10386761,0.30678042
-4.48991719,1.48057928,-0.13491072,0.21764934
-4.57961421,-4.47793807,0.10160704,-0.07023155
-4.91864085,1.83491118,-0.20991666,0.21868276
1.14786695,1.39289719,-0.04709216,0.07318254
1.49185685,-4.17650267,-0.38730835,-0.65875401
-4.49234296,2.06561464,-0.09385672,0.18470612
1.30756937,1.64457817,-0.80343873,0.01218050
-4.69154756,-4.56121564,0.00489806,-0.00784757
-4.54558190,-4.46428362,0.07275867,-0.16694958
1.31425614,-4.41613665,0.00657731,0.01369189
1.59780913,-4.75568229,0.05807756,-0.12778123
1.88893857,1.76108626,-0.10878545,0.06068103
1.52492316,1.18820621,0.03753739,-0.11941073
-4.60942542,-4.02504315,0.03550118,0.01307670
-3.90939442,-4.35287865,0.10864737,-0.15295101
-4.47307583,-4.49436463,-0.20305096,-0.02874655
1.49747148,1.51716185,-0.04049847,0.54692681
-4.54362309,-4.40696961,-0.20266690,0.04656590
1.53179042,1.56616167,-0.30916149,0.08159963
1.34618769,1.35011733,0.05019712,-0.02015592
-4.57425468,1.26816645,0.04593823,0.05751915
1.30034834,-4.47892225,0.45974307,-0.07824051
-4.17788235,1.28373079,-0.06233970,-0.08403043
1.50545159,-4.01654308,-0.28619567,-0.33004416
-4.30263218,-4.43584867,-0.04609026,0.18509210
1.11180609,1.16685451,-0.08518489,0.20027105
1.28961683,-4.25524292,-0.06840573,0.27859174
-4.42376561,1.43126879,0.12378549,0.11968209
-4.07473062,1.04649212,0.17200758,-0.22251461
-4.07365430,-4.46143088,-0.07686463,-0.03118246
-4.62280900,1.44178561,0.08534817,0.03139986
-4.71175438,1.61049285,-0.07785032,0.11991937
1.62839048,-4.46575280,0.00021305,-0.00400820
1.30182192,-4.60172450,0.01330083,0.20627863
1.45583759,1.74493076,-0.07530319,-0.07477565
-4.40482320,0.93223032,0.00922716,-0.00898302
-4.43725305,1.54409944,-0.22255711,-0.01144860
1.33938794,-4.51581669,0.15174113,-0.03143136
-4.47380440,-4.38476989,-0.22811723,0.25057500
1.43634795,-4.56093293,-0.08473549,0.04511801
1.61634023,-4.86866606,-0.14187312,0.12197667
-4.30244121,1.64915973,-0.33909253,0.42229975
-4.47059161,1.56991504,-0.12090722,-0.30248642
-4.42958726,-4.47126088,-0.14042715,0.15448447
1.45999179,-4.45843826,0.47278004,-0.25150205
1.31576266,-5.06468003,-0.02802246,0.03129402
0.91546040,-4.67853069,0.08008531,0.00211231
1.40479673,1.45532836,0.02589467,0.08032938
-4.55086094,1.32116447,0.51815966,0.02356757
-4.08692225,-4.84023772,0.16837938,-0.42772568
1.55654782,-4.31016256,-0.38302577,-0.01940896
-4.43305016,1.52780549,0.01793917,-0.05976479
-4.07636110,1.84957658,0.00977107,0.00368816
1.43022714,1.64965785,-0.05391079,0.60024684
-4.50166995,-4.49890858,-0.02799151,0.37610488
1.50677781,-4.37604591,-0.03082618,0.02526152
-4.43075903,-4.57613432,-0.06079656,-0.03802370
-4.42813628,1.67724904,-0.16264922,0.03759223
-4.65028665,-4.29995783,-0.25714058,-0.18130511
-4.60544054,-4.84701614,-0.09498792,-0.20777134
-4.58190530,1.53620397,0.00472533,0.00327386
1.40224817,-4.95543678,-0.00494704,-0.00228384
-4.33742267,1.53677251,-0.05153956,0.19228943
-4.41212338,-4.63410454,0.38404045,0.26235484
1.47430456,-4.74635848,0.50808550,-0.45800310
0.80591332,1.06864547,0.22749153,0.02909545
-4.52156861,1.51380339,0.36983521,0.27082799
-4.48153687,1.46490716,0.35863248,-0.10040789
1.57750827,1.47813181,-0.14748532,-0.04668519
1.66066241,1.33332038,0.17914269,-0.60417011
1.54129331,1.21144888,-0.13171647,0.23010126
1.80649240,-4.30315014,-0.06202752,0.04148052
-4.65444128,-4.55622674,0.04469549,-0.17089865
1.45466713,-4.50435820,0.39412206,-0.30507185
-4.28545253,1.51008075,-0.00963820,0.04237272
1.42627861,-4.65780393,0.31896247,-0.10694321
1.50854513,1.48582797,0.01914788,0.00625714
1.85353527,1.44867263,0.13524147,-0.01960721
-4.37859232,-4.25136722,0.13121679,0.47149614
-4.49417344,-4.50905917,0.51480792,-0.00282030
-4.87001161,1.78241343,0.31996920,0.08848126
1.59068955,1.52898428,0.06270779,0.11318112
-4.34644863,-4.14926238,0.11652836,-0.14715591
-4.30312895,-4.51933665,-0.36578081,0.11233403
-4.65035576,1.36583961,0.19920221,0.05129937
1.30928652,1.47043980,-0.28339247,0.20693156
-4.79775952,-4.81296433,0.00897594,0.07641964
1.29718877,-4.66516370,-0.19789885,-0.32935214
1.64269892,-4.63310608,0.18587352,-0.27421742
-4.35285920,1.12039831,0.06774126,-0.08716270
-4.41027427,-4.92533884,0.34142018,-0.26086417
1.71530528,-4.40593342,0.03497438,0.14745977
-4.49052724,-4.49909107,0.25491471,-0.02681131
-4.84045895,1.63056306,-0.17586263,-0.17983845
1.01202672,-4.44370655,0.10808966,-0.17558815
1.22133056,-4.24541950,-0.00009243,0.05057815
1.12125789,-4.18213667,0.04357469,-0.02004317
1.43054271,1.40421787,0.23267021,-0.12099883
-4.58409195,1.33460696,-0.23015027,-0.18237837
1.56043037,-4.48170444,0.00989985,-0.02035791
-4.50121822,-4.53454843,0.03711890,0.15462859
1.16416818,-4.63175353,-0.06759607,0.07814723
-4.29310841,-4.39578734,-0.00435456,-0.01719869
1.75259187,1.55683548,-0.22411923,-0.07739429
1.76099806,-4.60777248,0.27329781,-0.10999500
1.34896236,-4.61563697,0.16987439,0.10081312
-4.42353533,1.31710904,0.14944624,0.14869270
-4.30743220,-5.11322865,-0.19855799,-0.44509304
-4.45513872,-4.74140860,-0.01806183,-0.00732287
-4.83111996,-3.90194631,0.05120246,-0.34911894
-4.36941717,-4.70712656,0.13395829,0.07766572
1.71779828,1.69478828,0.10271329,0.24735105
-4.58646042,-4.26704807,0.05197705,-0.08357054
-4.63649006,-4.45332163,-0.00382733,-0.00576747
1.33049204,-4.08084484,-0.10367011,-0.07805546
-4.51220323,-4.47828620,0.35712967,-0.10747158
1.49415384,1.49286956,0.00966809,-0.01235995
-4.48798778,1.13526660,-0.35870677,0.03120690
-3.99204048,-4.04412367,0.06779304,0.01814551
1.58357603,1.47935730,0.10441211,0.40269872
1.28011674,1.72261572,0.00808691,0.00616984
1.24534011,-4.36289528,-0.10550107,-0.12909682
1.55438241,-4.34087825,0.04434011,0.09247616
1.86490042,1.28699937,0.23875847,-0.19809982
1.50115787,1.59567556,0.07430536,-0.10755166
-4.27969086,1.60985120,-0.18576096,0.03382588
-4.25487959,-4.57699871,-0.24636719,-0.26391647
-4.51169522,1.49395877,0.46220788,0.04772648
1.26798657,1.97633300,-0.08750008,0.03610125
1.57713800,-5.03427157,0.02463046,0.00705413
1.56022762,1.44966472,0.28818891,0.26397335
-4.72312731,-4.41574947,-0.06992433,-0.65998024
1.47813813,1.66046239,-0.00333226,0.00596209
-4.83849654,1.61403926,0.01057014,-0.18150180
-4.53652007,-4.53196794,0.02320878,-0.60729543
2.01062529,-3.95730923,0.04377355,0.15762265
1.58654510,-4.36301638,-0.28969495,0.10553547
-4.42505437,1.54816722,0.13866797,-0.04060783
1.17446680,1.72019489,0.16002308,0.36852594
-4.54697733,1.30503147,-0.00839834,0.00283647
1.70785339,-4.74024516,0.03476034,-0.14154390
-4.75108901,-4.13344633,0.20253865,-0.11090396
1.49266004,1.50443625,0.02703318,-0.02276490
-4.57194622,-4.74706299,-0.00683592,-0.10916710
-4.58028312,1.08499784,-0.38397468,-0.15951208
-4.71318101,-4.14947513,-0.12740170,0.13428534
-4.46136258,-4.28574275,-0.05948655,0.32469977
1.59519951,1.75449481,0.05719286,-0.23147045
-4.59302035,-4.41306526,-0.16907433,-0.34308941
1.78292192,1.02919036,0.05058344,0.12620633
-4.61251740,1.61415860,0.05516360,0.02037514
-4.58623402,1.45830604,0.05124903,-0.16312065
-4.55526368,-4.11029585,0.26962265,0.03506953
-4.54111937,-4.48724836,0.30764881,0.31049795
1.44719503,-4.60539927,0.16470816,0.14173701
1.85611744,-4.06852716,-0.10943091,-0.05555096
-4.18630923,-4.51577983,-0.26854382,-0.25244529
2.20505327,-5.00506427,0.05634405,-0.17924115
-4.40834396,-4.77585335,0.57130017,-0.27818690
-4.72360627,-4.58359850,0.05603938,-0.01685730
-4.19318586,-4.31427761,0.02671581,0.14019648
-4.50610703,1.62905784,0.61569002,0.69337828
1.89737587,-4.55520922,0.04440460,-0.05871816
-4.41194019,-4.38644214,-0.22284785,-0.41265686
0.91889274,2.06107012,0.43384702,-0.31476242
1.61069375,1.95254997,-0.03810378,-0.17551246
-5.27182916,-4.36619017,0.18432292,-0.08760901
-4.34211807,-4.32908067,-0.04456682,-0.08658051
-4.31665120,-4.41996855,-0.01055372,0.01693748
1.04150070,1.46848031,-0.14285836,-0.08182654
-4.63136980,-4.81468580,-0.01410312,0.01995597
1.83287868,1.37675154,0.10905189,-0.06984846
1.42396945,1.63654802,-0.12940510,0.07448455
1.32336671,-4.67427045,0.09485824,-0.02734877
-4.33972001,-5.04099952,0.45741852,0.09813079
-3.96056156,1.34760956,0.06125148,-0.02539214
-4.25145859,1.68199281,0.26747315,-0.42352170
1.00967553,-4.09814496,-0.02683306,-0.04973580
-4.73058647,-4.70202390,-0.23991939,-0.02702276
1.83358169,-4.08222320,-0.00147879,0.02870665
-4.50629754,-4.63304485,0.06517045,-0.11773878
-4.63403613,1.41441126,0.27215527,-0.06252166
1.73604450,1.64443557,-0.29826748,0.13268132
1.49689785,1.50861537,0.02057349,0.01676820
-4.56041294,-4.38290881,0.18153337,-0.16714511
-4.32885707,-4.19502086,-0.48799656,-0.06249882
-4.38060603,-4.37093405,0.14830774,0.31595287
1.22233067,1.88776442,0.00872832,-0.11175325
1.77860853,-4.47844592,0.08513445,0.08595138
1.44348566,1.48485741,0.10723673,-0.09926863
1.56011564,1.44548351,0.01340293,-0.30463938
1.60186121,1.57637897,0.00201445,-0.09065294
-4.48182514,-4.67167684,0.06976643,-0.28678263
1.50405421,1.50317244,-0.12442537,-0.23791660
-4.51180093,-4.77541819,0.19129911,-0.02303916
-4.47182440,1.40069415,-0.00885777,-0.00460378
1.28821194,1.67195378,-0.16746591,-0.07120496
1.26578567,-4.48416629,-0.00363778,0.26452349
-4.57865943,1.64833488,0.15550254,-0.22205104
-3.96035509,1.28772214,-0.31375407,0.11745501
1.80986407,-4.73090865,0.16657933,-0.16276502
-4.55203991,1.36748284,0.03244789,0.16794593
1.05723484,1.77333792,0.02954257,0.22438800
0.98792516,-4.67542701,-0.10956377,-0.12818875
-4.38045112,0.84401398,0.01591665,-0.29407259
1.57026408,-5.17319565,-0.09045512,0.05081589
-4.68893019,-4.76735622,0.06540804,0.41548277
1.48715174,-4.39450498,0.37352706,-0.10999806
-4.66786651,-4.46701516,-0.09949808,-0.13544739
-4.04351467,-4.75727025,-0.11579183,-0.09016562
-4.73206624,-4.23191518,0.27637596,0.09111045
1.48196737,1.48346239,-0.80244315,0.02809482
-4.25969195,-4.24482475,-0.04179970,0.19202651
-4.42470849,1.23730107,0.37426167,-0.01424750
-4.27435546,1.36962034,0.11672583,-0.08091191
1.51699089,1.52199228,-0.10427220,-0.39309356
1.51179219,-4.42386928,0.05920899,-0.07949781
-4.57482488,-4.49637219,-0.29029777,0.07664642
1.04991986,1.70908233,0.16206925,0.16373456
1.58909663,1.56835983,-0.07622810,0.11780830
1.64857202,1.59487499,0.26481081,0.17899459
-4.62073292,1.48035327,0.47997686,0.14881360
-4.67069887,-4.97298152,-0.28284372,-0.01522103
1.61843328,1.46132003,0.43802059,0.01094344
1.83199807,1.44207401,0.08055969,0.42550263
1.38415746,1.18841099,0.09621817,0.10264073
2.44769768,1.55281914,-0.20998584,-0.01422536
1.54337736,-4.41364608,-0.32846722,-0.08717830
-4.66382212,0.89624539,0.02863098,0.08071146
1.74727102,1.39282424,0.40925579,-0.20118292
1.01227701,-4.53951238,0.16243823,0.10322018
1.45204092,-4.85769285,0.11694660,0.02634770
-4.71289022,-3.99089152,-0.20192603,0.37752776
-4.46894078,1.56048482,-0.04057899,-0.11797201
1.21030005,1.29329714,0.07144236,-0.05656521
1.81600961,1.24819946,0.45570048,-0.16940402
-4.49604739,-4.49451944,-0.17814486,0.00473821
1.38668259,-5.24548839,0.05803263,0.01133209
-4.55767281,-4.60441068,-0.20009056,0.04668915
1.78198453,1.12837535,0.71420525,-0.16772208
1.51064627,1.29357328,0.54013397,-0.54844048
-4.50332264,1.38314444,0.08940712,-0.45148977
1.06547558,1.40105271,0.00890893,0.04022264
-4.50619909,1.49984790,-0.14933485,0.04297690
-4.52342206,1.53104717,0.01897826,0.06293053
-4.30218579,-4.52186201,-0.33507013,-0.38358787
-4.52261913,-4.50980987,0.02272236,0.06410494
-4.44854338,1.34178409,0.43164909,-0.11616566
1.59799994,-4.56721117,0.22748988,-0.67263134
-4.25349047,-4.31729603,-0.66296973,-0.10876875
1.55780999,1.41609600,-0.14781432,-0.35042330
-4.64794589,-4.29990851,-0.00354191,-0.10137606
-4.43599492,-4.28324492,0.26205685,0.45774821
-4.78825385,-4.73236158,0.04332047,-0.03299533
-4.42861807,-5.18858335,-0.03144538,0.02130931
-4.52062352,-4.16425548,-0.33360505,-0.39127888
-4.56174675,-4.07994120,-0.05329242,0.19069574
-4.48804351,1.40852636,0.55296565,0.04338091
1.52957375,-4.46239901,0.01673401,-0.01003605
-4.66727040,-4.50880864,0.02479031,-0.12652023
1.19384666,-4.91322307,-0.31371702,0.08321263
1.92953757,1.43936256,-0.36514226,-0.26251664
-4.68569402,1.44396290,-0.10047846,-0.10587591
-4.24198944,1.56629805,0.26939282,0.06633337
-4.48878901,1.50409436,0.01432084,-0.23530149
0.99983129,-5.32965595,0.01984774,0.01185263
1.30265665,-4.94029297,0.14280064,-0.19999926
1.63545337,1.73445629,-0.06286549,0.04152609
1.29901733,1.80667781,-0.19764708,-0.81383208
1.67413764,-4.56384794,-0.07041602,-0.19523966
1.50078398,-4.49941579,0.00047842,0.04706230
-4.32562062,-4.44457558,-0.14881251,0.07077373
-4.49369997,-4.58227496,-0.19396304,-0.21884129
-4.53735913,-4.60898713,-0.09549363,-0.01672916
-4.38883506,-4.50593219,0.52103086,-0.04863613
2.13855707,0.92856866,0.31718494,0.15980453
1.01117060,1.47489030,0.02707922,-0.04866331
-4.66110999,1.50060605,-0.33642996,0.16437322
-4.72633849,1.42819777,0.23513136,0.30568897
1.58182182,-4.52359412,0.15855565,0.07319793
1.24457067,1.54465523,-0.10411785,-0.38796089
1.37012511,1.42949176,0.00811155,0.05792478
1.82268205,1.39789332,-0.04374459,0.14272627
1.50465992,-4.50172052,0.05824772,0.02651322
1.05418863,1.44616194,-0.01611166,0.24772550
1.49393065,-4.50889543,0.05840727,0.27591798
-3.68083691,-4.61943126,0.22295150,-0.22126726
-4.47381783,-4.34104501,-0.02023575,0.01100611
1.69922135,1.29452890,-0.03519499,0.07198193
-4.49732677,1.22215620,0.60395671,0.50440068
-4.19441082,-4.26300234,-0.97478236,-0.33645746
1.89781576,-4.64531017,0.35282724,-0.04933857
1.69400242,-4.69957108,-0.04040540,-0.69146699
-4.47063624,-4.50942859,-0.07872284,-0.18415528
2.08188897,-4.35132546,-0.08576438,-0.13791757
-4.40069750,-4.26931217,-0.34220306,0.06874170
-4.17386213,1.81451923,-0.06167721,0.00606326
-4.29905415,1.67224355,-0.35792158,-0.66892047
1.21418761,-4.17225443,-0.17244366,-0.43157910
1.40574047,1.64851380,-0.01392307,-0.02526838
1.82684415,-4.78785614,-0.12030033,-0.70563059
-4.60407845,-4.50319898,0.34632146,-0.44902830
1.74572207,1.60457836,-0.08888049,0.00878663
1.48394419,-4.50512092,0.41572914,0.42205773
-4.35246747,1.41296625,0.06230300,-0.16933018
1.38708671,1.59356139,0.41691947,-0.24368314
-4.53951634,1.62164108,-0.03941883,-0.09501665
-4.46069560,1.48423910,0.11264775,0.19499413
1.39446091,-4.55505863,0.02710897,0.05636072
-4.61107457,1.46711159,-0.07749896,-0.07992898
1.39241963,1.45678881,-0.13953750,-0.33976129
1.74612880,0.97966591,-0.30296715,0.20588864
-4.51644371,1.45271698,-0.38139361,-0.01833910
-4.45555145,-4.55672757,0.11555714,-0.09468745
1.48358771,-4.45211715,-0.11324403,0.13002429
-4.68854624,0.92975792,-0.06785472,0.13238387
1.50040334,-4.51346761,0.04467115,0.02650815
1.18892648,-4.36885006,-0.73942031,0.21432272
-4.47793577,1.37198293,-0.01691624,-0.00035884
-4.60543973,1.67521786,-0.59225326,-0.32776883
-4.64784888,-4.59373017,0.15202203,-0.10675760
-4.13366478,-4.99959697,0.21842927,-0.02156373
-4.67947236,1.18675309,0.01864471,0.06056436
-4.54878683,2.48316139,-0.21057401,0.10949977
-3.79594479,1.06573554,-0.05385074,-0.02160148
-4.43913143,-4.65728202,-0.04540388,0.01866523
-4.47187450,1.44495870,-0.35522879,-0.01105083
0.77073934,1.89160514,-0.21877077,-0.19525915
1.75925980,-4.43089309,-0.17434767,0.33700841
1.38523851,-4.58839991,0.12456611,-0.29801891
-4.67204837,1.74681459,-0.00384471,-0.03512015
1.59613040,1.31937369,0.02719092,-0.02196742
1.61862441,1.88928482,0.45235258,0.08141355
-4.40910070,-4.53431141,-0.33931021,0.07700990
-4.42134500,1.18681039,-0.17664518,-0.43103615
-4.04507628,-4.52923759,-0.13172981,0.08178449
1.50965398,1.49252803,-0.04023015,0.05373566
-4.58925045,-4.52720886,0.45072985,-0.05501158
1.51890539,-4.96677637,0.00906721,0.01058637
-4.26354544,-4.58432879,-0.03062685,-0.05724209
-4.41470194,-4.48466949,-0.17237897,0.28992657
1.60047898,-4.51699053,-0.25715029,-0.19896718
1.54387562,-4.52839975,-0.06173106,-0.04147886
-4.56331660,-4.20914668,0.05351411,0.07252865
1.51560112,1.37426947,-0.45168006,-0.24886234
1.43160204,-4.47679828,-0.31496060,0.24942592
1.67425366,-4.36983668,0.47346671,0.11479051
1.67814395,1.44929664,0.18658818,0.02721782
1.47000052,-4.67748351,-0.09808945,-0.15290910
1.42859619,-4.46953716,-0.03880240,0.09664307
1.64524517,1.63486068,-0.09376491,0.33298413
-4.46259449,-4.50982459,-0.00845060,0.04019028
1.89433674,-4.37704747,0.00232519,0.04342122
-4.20726570,-4.35731834,0.23443706,0.13417998
1.49234580,-4.46730167,-0.07461218,0.06709020
-4.66494354,-4.10896614,-0.01479456,0.03477033
-4.26720754,1.63822490,-0.05284019,-0.23037904
1.41553292,-4.46471015,0.32396880,0.37714635
1.95008810,1.30536656,-0.05792064,0.22536673
-4.51068988,-4.49707731,-0.04721732,0.05923702
1.47027785,1.09187833,0.37917150,0.03424293
-4.21088111,-4.32590543,-0.11884048,-0.02407288
-4.63634239,-4.30212920,-0.02762558,-0.21709368
1.55601210,1.54681857,-0.03851414,-0.02675900
1.76880642,-4.31524747,0.13766048,-0.34321773
1.57000570,1.43994526,0.05639602,0.06909828
-4.74459038,1.82218292,0.00540592,-0.01088048
-4.61534939,-4.45924841,-0.09682496,0.01567172
1.49035431,1.01444066,0.24856161,0.03113924
1.56082809,1.65072967,-0.08804906,0.19952497
-4.62219828,1.58688446,0.34191903,-0.59738402
1.50174126,-4.49885427,0.26529240,-0.28133543
-4.53944361,-4.27367999,0.41016710,0.00267759
-4.34451913,2.10547705,-0.30245192,0.03755402
-4.54137304,-4.59366805,0.01085764,-0.03032666
-4.23480378,-4.81706501,-0.15646023,0.22101127
-4.82794347,1.27325241,0.27953063,-0.05192979
-4.75481872,1.37823546,0.08597912,-0.31676524
1.80711578,-4.23006505,-0.06605898,-0.17304026
-4.36452147,1.59494041,-0.14708188,-0.12658340
-4.50608090,-4.49589733,0.17774466,-0.02336799
1.47807545,-4.84605058,-0.05079352,-0.03264241
-4.81605589,-4.40198740,0.05217152,0.02412821
1.14922832,-4.76299474,0.03492961,0.31936391
1.50258562,1.57194666,0.05996777,0.02511042
-4.49968206,-4.43335563,0.16468422,0.21723907
-4.60698168,-4.66473615,0.03208149,-0.46417411
1.13668789,-4.45671154,-0.13388847,-0.57716967
-4.45955364,-4.39290269,0.33306701,-0.37104016
-4.56404684,0.79292263,0.08108591,0.13645587
-4.50725649,1.65910110,0.04861671,0.29140872
-4.60442467,1.53225688,-0.39899040,-0.33681646
-4.82193032,1.52720702,0.03381610,0.10062210
-4.36957337,-4.54946993,-0.41989049,0.19248989
-4.47438064,1.48662822,-0.22592556,0.34445093
1.39718757,1.29201022,-0.03891343,0.21453537
-4.73318437,1.37968339,0.00477542,-0.75174477
1.50754576,-4.50147630,0.08262880,-0.13300521
-5.49802366,-4.18066358,-0.17745811,-0.07248995
-4.80391535,1.97053212,-0.20199995,0.83225170
-4.60391607,-4.78425781,0.31241713,-0.09990797
1.49857493,1.48704915,-0.05446781,0.38134117
1.46910083,-4.27439518,-0.15069159,-0.04436686
1.05703764,-4.20642640,0.29506043,-0.24512074
-4.68280535,-4.20956837,-0.35482526,-0.14688970
-4.23399556,-4.76242670,-0.18628011,0.13215416
-4.40568069,-4.53420935,0.09251249,0.12805424
1.72967506,-4.29996722,-0.32293769,-0.47597153
1.72780193,1.67786239,0.15829413,0.66849495
-4.24821871,1.54906610,-0.13604584,0.03520056
-4.45458357,1.28247639,0.00832143,-0.65332373
1.50264639,1.63213869,0.00414493,0.15117949
-4.46025781,-4.76715687,0.36486655,0.06331831
1.51984501,1.53700307,-0.38097712,0.52869777
-4.38513939,-3.70256143,-0.21348179,0.06427838
1.02153559,2.08418254,-0.17737378,-0.32675954
1.52564512,1.71756078,0.00657156,0.09317041
-4.55256350,1.69456701,0.62070781,0.21865628
-4.56479415,-4.52054611,0.38276051,0.16693082
1.49271539,1.57859335,0.10747698,0.01622017
1.65662098,1.12914947,-0.21923111,-0.10331414
1.03138778,-4.88135249,-0.53043171,-0.11413336
1.52542383,-4.66760883,0.01401594,-0.10563564
-4.37222285,1.69381984,-0.45673493,0.19465507
1.52603949,-4.47770737,-0.31227108,-0.13736735
-4.58282708,1.47743861,-0.05434919,0.02016742
1.45341130,1.49876192,-0.39696294,0.44413307
1.46401693,1.51684449,0.09535629,0.20770092
-5.03420870,1.36925631,0.04802516,-0.16532617
-4.47396332,-4.60391919,-0.22486415,-0.12806541
1.34163919,1.54283770,0.08472205,-0.14883721
1.66189479,2.03590088,-0.05017199,-0.28029414
1.54815284,-4.30955549,-0.12575395,-0.13588897
1.33022793,-4.41057117,0.10146126,-0.09564380
-4.49563723,-4.63072806,0.28111118,-0.20655643
-4.43490800,-4.82821971,-0.37441961,0.79047798
1.52972908,1.52321160,0.14143716,0.11989333
2.25484343,-4.41413240,-0.07857621,0.09883561
-4.41673512,-4.83806764,-0.36982625,-0.22141276
-4.69525128,1.70340721,-0.51327815,0.18670256
-4.51958170,-4.53159829,-0.24534241,0.14268474
-5.21738918,-4.49075536,0.01201086,-0.03043565
-4.38077650,-4.63807294,-0.06167140,0.12147544
-4.64399738,1.58689467,-0.13082282,0.44014512
-4.48365005,1.50343782,-0.63739689,0.09149535
1.69918033,-4.42024436,-0.02027522,0.00542943
-4.64508369,-4.62533620,-0.29618231,0.10042021
1.75389621,-4.78192732,-0.03950710,-0.02799849
1.35081990,1.41793080,0.01599286,-0.04909022
1.57836166,-4.58639726,0.10565985,0.02009400
-4.80264092,1.45268508,0.06329262,0.04964648
1.55526016,1.50676500,-0.03803398,-0.05153493
1.78939455,2.19159693,0.16942272,-0.40270993
1.53299109,-4.49666873,-0.02944410,0.02458202
-4.38456562,-4.30690820,0.05207662,-0.09321690
-4.48763315,-4.56582798,-0.22832525,-0.11079407
1.14634752,-4.34442552,-0.04960857,0.00865406
1.60067052,-4.50709123,-0.35681860,0.04200801
-4.44664931,1.61218933,0.10453887,0.12135099
-4.40608855,2.03772839,-0.01282408,-0.00281711
-4.46821836,-4.54907431,0.09739328,0.02211817
-4.35823750,1.42970936,0.13307959,-0.17473259
-4.45629184,1.20668741,-0.20132218,-0.00327715
1.31653502,-4.42367534,0.50865103,-0.30057396
1.66221833,1.23893478,-0.20644361,-0.15789852
1.34763856,1.19240505,-0.05303592,0.12421889
-4.24746265,-4.76719739,-0.36255196,0.04983205
1.68795997,-4.41256338,0.21483403,-0.00260373
1.47269899,1.47852740,-0.15550399,0.30497633
1.58563317,1.07940256,0.70142926,0.29840209
-4.87139049,-4.53909549,-0.03889201,-0.04302389
1.26767574,-4.22644510,0.48451835,-0.22322008
-4.83034267,1.72356789,0.03678868,-0.01427631
1.70187054,-4.26869328,0.13594770,-0.24701214
1.45285748,-4.58409167,-0.11518261,-0.17965828
1.35255585,-4.37200767,-0.32899513,-0.01018306
1.89377178,-3.90535636,0.17666685,0.04655537
1.54534106,-4.35294396,0.06273419,0.33141046
-4.52798048,1.58364604,0.03392293,0.09131659
1.43463840,1.47728668,-0.00251449,0.02031283
-4.23774626,1.31074166,0.15038243,0.07822478
-4.76222664,-3.78061385,-0.01247274,0.05315975
-4.68096530,1.52077222,0.13651823,0.45769271
1.50158998,1.50838859,0.69448584,-0.00836540
1.57810144,-4.20891064,0.18547334,0.14795243
-4.50805143,-4.50135262,-0.26637452,-0.49973445
1.00699579,-4.89114930,0.09091662,-0.35034952
-4.49177279,1.39938223,0.03725729,0.11997284
1.51375003,1.50614854,-0.70475879,0.26704635
1.50625271,-4.44323073,-0.12438968,0.13690785
-3.92687429,1.45239853,-0.04042851,0.04200164
-4.39408996,-4.55296254,0.36526956,-0.16539994
1.57387913,-4.70432724,0.02896974,-0.22613788
-4.24289074,1.53014986,-0.07985052,-0.33150182
1.55034001,1.52157771,-0.13363913,0.15678042
1.51253113,-4.53742933,0.13116360,0.04074311
-4.19929478,-5.10218495,0.63997766,-0.20006201
-4.49008573,-4.52931746,0.22514314,0.21599354
-4.39238536,0.94379208,0.38221138,0.45580570
-4.54113148,1.73544469,-0.00737595,0.01904061
-4.04991945,1.50632490,0.00945474,-0.00348794
1.70153164,-4.02933563,0.12843380,-0.08228798
-4.50849718,-4.55222815,0.08953265,0.16388254
-4.92458820,1.82697654,-0.39001678,0.15623762
1.49953607,-4.47977714,0.02822024,-0.08976413
-4.48075937,-4.21942090,0.18674029,-0.01582258
1.39415779,-4.82126032,0.07762012,0.01329101
1.49994735,-4.59246030,0.02373744,0.05567736
1.71686424,-4.17609761,-0.01711094,0.10061130
-4.34486958,-4.38129097,0.52986795,0.01954669
1.57261332,-4.68416400,-0.03119250,-0.02651145
1.36334125,1.64323320,-0.12625010,-0.08608157
1.53079467,1.42231050,-0.27905596,-0.03126096
1.76156435,1.42581486,-0.00014715,-0.01789757
1.70806855,1.28535815,0.00190041,-0.00401345
-4.63599310,1.71707524,-0.08363216,-0.21115083
1.42941099,-4.51822019,0.23374663,-0.31587966
-4.50058306,1.50363569,0.52176002,-0.33433654
1.38908472,1.22598709,0.00323118,-0.00125284
1.50794334,-4.52090426,0.12396835,0.45586186
-4.54119236,-4.49709537,0.43771937,-0.31114518
1.65190863,-4.51412564,-0.11204027,-0.05792699
-4.53019807,-4.47819852,0.17196642,0.32858420
1.24560030,1.48559240,-0.08540935,0.05866266
1.82097735,1.13752501,-0.14929275,-0.13106156
-4.85230663,1.55325144,-0.41960713,0.01554725
-4.38406958,-4.75785136,0.08454413,-0.05333200
1.44892246,1.27219207,0.16664024,0.13675155
-4.47647128,-4.45005926,-0.59714281,-0.37207613
1.26513028,1.01123732,-0.23665498,-0.07088871
1.66012090,1.49877160,0.05728678,-0.14367025
0.91084952,1.34706237,-0.16374129,-0.07781209
-4.74784258,-4.25520574,0.02999245,0.32656096
-4.63024420,1.45606234,-0.25561444,0.30681907
-4.44291448,1.43919099,-0.03644161,0.03673811
-4.71363332,1.31986240,0.35702516,-0.21772093
-4.58422010,1.50256667,0.60330689,0.48818625
1.59416152,1.90937680,-0.01297930,-0.12798421
-4.59311403,-4.54780467,-0.40403840,0.22550213
-4.61550634,1.61210440,0.42324363,-0.37020356
1.35300948,1.49613719,0.06716839,-0.31753613
1.57438116,2.05045208,0.16835234,0.03178025
-4.74318258,-4.39771335,-0.08810062,-0.03911622
-4.38352544,1.46782855,0.00232049,-0.00819080
1.66966846,1.42635973,0.35807450,0.08395735
1.79611650,1.54132769,0.34590173,0.03506126
1.47148452,-4.51148937,-0.00857157,0.01205305
-5.36431618,-4.33665139,0.07660474,-0.14802013
-4.45726176,1.53137626,-0.07533327,0.19603635
1.48113865,-4.29863671,-0.16199505,-0.29592535
1.55414118,2.01626535,-0.11067033,0.29735138
-4.31225727,-4.68123800,0.45230166,0.07242495
-4.61130673,1.94756729,-0.03878584,0.00199730
1.44774476,1.49023126,-0.02724392,-0.16185029
1.51466038,-4.52298415,-0.00036835,0.00008182
-4.51999288,1.50350555,0.09073902,0.06777170
1.12216157,-4.54288540,-0.01490891,-0.01895114
-4.44701337,-4.56936103,0.05317364,0.37722538
-4.11559499,-4.48737366,-0.00347010,0.12152691
-4.52298269,-4.58336374,-0.03382908,0.10541857
1.21907216,1.59500158,0.03679459,-0.13493265
-4.55209537,-4.25791300,-0.11865555,-0.09505613
1.61002721,-4.37696348,-0.30028202,-0.27592303
1.31479391,1.62521759,0.04666069,-0.24305629
1.27942475,-4.56571661,-0.34273506,0.11889103
1.58172860,-4.67976552,-0.14352693,-0.04994076
1.52398429,-4.79927814,0.67745139,0.81553678
-4.84579629,1.68325319,0.06852810,0.13314761
1.51777602,1.49570481,0.14887375,-0.09627248
-4.89742967,-4.26765642,-0.09662706,0.10062658
-4.56988048,1.62123787,0.08002862,0.02263217
-4.51270813,1.52506480,-0.26367744,0.09143186
-4.41027229,-4.52586090,-0.20194113,-0.17699604
1.16197991,-4.61450319,0.34523215,0.39024803
1.63383810,1.32248727,0.01075515,0.23154057
-4.89120794,1.67450455,0.34939968,-0.12408679
1.48720072,1.61459804,0.05061466,0.02654213
-4.46782898,1.59361659,-0.10006765,0.14986140
-3.84252132,1.61971542,-0.39844262,0.17694423
1.46036688,-4.99208891,-0.00176223,0.01213452
1.12102036,-4.63013296,0.16611981,-0.39788867
-4.52735943,1.51294659,-0.07761503,0.03421329
1.44557781,-4.23554088,0.06504485,0.10872302
-4.65087716,-3.86924908,0.17177439,-0.25627962
1.68008887,-4.33007322,-0.09867516,0.15101824
-4.63956785,1.09024910,0.02178717,-0.01242631
1.15648945,-4.90757679,0.02251063,-0.00922436
-4.06318625,-4.04614826,0.37472013,-0.02491965
1.55277286,-4.55031509,0.04670641,-0.00502187
1.21716884,1.40434108,0.01771801,0.03158992
-4.22896282,-4.20930355,-0.02837208,0.00038009
1.50437631,1.65487577,0.13563053,-0.11902754
1.50335057,-4.55513153,-0.03353799,0.05836042
1.45488130,1.38251656,0.16480267,0.04851475
-4.52311594,-4.50581680,0.00505813,-0.16890017
-4.62009080,1.56578110,0.02581774,0.07056244
1.68026897,1.46894858,0.15830118,-0.01180721
1.40131132,-4.44936941,0.10461108,-0.03003888
-4.27509487,-4.90035852,-0.29226847,0.26789827
1.50686581,1.77363944,-0.32700360,-0.20568503
-4.03514388,2.01811308,-0.47074286,-0.02372236
-4.20975196,-4.49149030,-0.32606457,-0.51691601
1.37573317,-4.56506367,0.52530967,0.01178335
-3.92883110,1.30524432,-0.10232586,0.16458425
-5.10640008,1.31722939,-0.04484620,-0.35417875
-4.56746931,1.60826454,-0.01934719,-0.03862529
1.32776619,1.30879108,-0.20846367,-0.24271316
1.61301427,1.63359893,0.26117537,-0.52260973
-4.04314261,1.45169371,-0.21302769,0.10221583
1.38750575,1.51864141,0.28877483,0.47688826
-4.73499753,1.39902932,0.02271028,0.18399403
1.48876979,-4.63445202,0.22460559,0.24949351
-4.69766791,-4.13576566,0.00612265,0.02808860
-4.86721371,-4.49298533,-0.68156396,0.14403598
-4.38341471,-4.29343705,0.10512342,0.30922733
1.41525237,-5.10358949,0.01476699,-0.01454363
-4.45290637,1.30721929,-0.39053421,-0.18346131
1.66222495,-4.28210126,0.12020615,-0.18244743
-4.32550516,-4.37500673,0.02488868,-0.10241101
-4.18793220,2.05272269,-0.05559441,-0.20940035
1.76874819,1.78410683,-0.32695411,-0.02177301
1.91466675,1.83385212,-0.00556447,0.14974450
-4.40366123,-4.46952010,0.03036880,-0.08965079
1.08532888,1.35747288,0.42385576,-0.31972165
1.43712681,1.65262320,-0.24689857,-0.04529703
-4.48422940,-4.51456564,-0.21151174,0.16022815
1.75457472,1.23251157,0.25202599,-0.00984794
-4.58273996,-4.44495040,0.27324202,-0.08650401
1.20524434,-4.30376583,-0.41624647,-0.58329922
-4.67816033,1.61723656,0.08405327,-0.01456571
1.48072906,-4.50490240,-0.06743717,-0.13958023
1.22914041,-4.70879964,0.33556143,0.76068985
-4.27526870,1.56323155,0.11832515,0.06945088
-4.55666446,1.48436917,0.09549840,-0.02187560
1.49725966,-4.49138218,-0.21810426,-0.05095806
1.67859952,1.59885211,-0.33331920,-0.08702139
-4.43289072,1.29661550,-0.21696675,0.20900889
-4.51209529,-4.57578935,0.08628540,-0.14025762
-4.52832103,-4.45903867,-0.39831095,-0.43524601
-4.64171058,-4.46231218,0.46222160,-0.11776169
-4.27333523,1.76985472,0.17343872,0.04521275
-4.60155438,1.49714394,-0.00547369,-0.17756413
1.76476268,1.86875388,-0.36353096,-0.10248588
1.72934560,-4.84480470,-0.04452695,-0.30333472
1.48235201,-4.51741680,-0.22057012,0.46319249
1.23719683,-3.89235331,0.46092523,-0.21506591
1.98157360,1.41616994,0.00008449,-0.00529388
1.58098798,1.21812993,-0.11594186,0.03880109
-4.51800182,1.45697648,0.05440687,0.08930453
1.69467461,-3.96467490,-0.30695600,0.00510176
1.56656987,1.28646603,0.17639925,-0.40558022
-4.46434321,1.23876465,0.14753379,0.11298698
1.78233253,-5.02656990,-0.04550177,-0.06305157
-4.49219335,1.46035857,-0.54769918,0.43080157
1.58394322,1.45007683,0.44262977,-0.21208911
1.38598970,1.21706136,0.10042725,-0.32945998
1.71803965,-4.70452444,0.04344652,0.02681839
-4.46830736,1.43014464,0.12342573,-0.18120490
-4.55396519,1.44746588,0.18487660,-0.02198900
-4.48808907,-4.32705406,0.09464510,-0.16442386
2.16821078,1.28191812,-0.29952270,0.25558333
-4.71897217,-4.45585256,0.49242560,-0.28551813
-4.28868313,1.73428395,-0.11771078,-0.12248660
0.51236183,-4.16356038,-0.08816901,-0.03692577
-4.49790371,1.49912751,-0.09460500,-0.00214966
1.95287591,1.66832601,0.34639054,-0.35736400
1.50064386,-4.50006073,0.18516212,0.49290125
1.54847515,-4.46562466,-0.13393149,0.19863945
1.87015065,1.68534482,0.39514531,-0.48745756
1.34701286,1.44750531,-0.00164213,0.01961590
1.21235410,1.23140814,-0.43201988,0.09727962
1.62675498,1.48612403,-0.16864537,-0.03924526
-4.52751458,1.24077910,0.00956260,-0.02030030
-4.46720511,-4.47443321,-0.07947744,-0.47528720
1.56146221,1.50315939,-0.09462408,0.10118612
-4.27235995,-4.42828963,0.37049315,0.26548361
1.73930179,-4.91054879,0.93422972,0.12899251
-4.84550822,1.53365930,-0.08486495,-0.19437501
1.61015654,-4.89753846,0.01861112,-0.26238141
1.03398897,1.58073722,0.08064544,-0.12937501
-4.54660864,1.51314809,0.02483974,-0.01822357
1.40638418,1.39565736,0.07488723,-0.11866997
1.50348741,1.58008337,-0.01414816,0.00620368
1.51386456,-4.51794325,-0.09801854,-0.08825663
-4.63910921,-4.92577505,0.10920082,0.34442912
1.47244180,1.52397042,-0.09791716,0.01393759
-4.44761173,1.60791510,-0.02455629,-0.04238009
-4.97916689,-4.71229387,0.50753739,-0.26377515
1.54841819,1.76670155,0.05419447,0.17566148
1.29888418,-4.56863191,0.09415685,-0.50219383
1.78608347,1.41175669,0.24249836,0.02390471
-4.71823177,-4.44061634,-0.05946655,0.00572075
-4.30969794,-4.53022180,-0.06711435,0.11609190
-4.56180763,-4.54003344,-0.43291048,-0.15928485
-4.46874737,1.55124212,0.07835385,0.09278002
-4.70077220,1.68121476,0.10608694,-0.03509375
1.17465142,-4.31721341,-0.36813480,-0.20363082
1.50276182,1.54536723,-0.00123213,0.00056628
-4.23181277,1.37731020,-0.01893535,0.01146128
-3.88340015,-4.66512187,-0.09328762,0.06838388
-5.06231045,1.87960849,0.00066987,0.32370649
-4.56849042,1.87240931,0.03289558,-0.06684264
-4.84957056,-3.60353458,-0.00956112,0.01224334
1.41465752,-4.24100830,0.18662768,-0.06895740
-4.24126049,-4.68151346,0.00739809,-0.02723101
1.71373901,1.71357396,0.09178759,-0.02159771
1.26422456,1.38541897,-0.08236570,0.05949451
-4.77502933,1.31579109,0.04265315,0.19092410
-4.58485492,-4.61111856,-0.29952103,0.32273912
-4.04915947,2.06436374,0.07855374,0.15194055
-4.99002081,-4.74568656,0.06548409,0.55801453
-4.68039044,1.46826647,0.48380878,0.17513855
-4.62701631,-4.27097984,0.07509116,-0.00046631
-4.58235701,1.46314596,-0.04003923,-0.11048599
1.53925625,-4.68425709,-0.04999679,-0.02339606
1.46749354,1.66240341,-0.03407570,-0.62628809
-4.49448091,1.34797059,0.02996832,-0.06961389
1.63197754,-4.47215005,0.04904937,-0.05007567
-4.49821838,-4.51893450,-0.21184486,0.04497232
-4.31876069,1.61696815,0.01584714,-0.06269456
-4.43995864,1.47413597,-0.14113911,0.04153496
-4.40187875,1.78354449,-0.21112141,-0.22109472
-4.51544427,-4.51792978,-0.19018326,-0.21694100
-4.32470601,1.64455728,-0.07270891,0.02133208
-4.18785913,-5.04801774,-0.29168445,0.34984414
-4.32758283,-4.63197054,-0.14675592,0.53657183
-4.47901720,1.52704018,-0.14807472,-0.20000604
-4.48866878,-4.34530238,-0.17960943,-0.27773841
-4.49198018,1.48454111,0.34542946,0.19829853
-4.55746541,-4.66870489,0.25980940,-0.11064629
-4.30810290,-4.58708032,0.20011149,-0.11040195
-4.41033669,-4.43449117,-0.21003497,0.17134974
1.47610544,-4.52552832,-0.03172539,-0.10760449
-4.39188332,-4.57697910,-0.17070781,0.13014143
1.80720482,1.78911269,-0.00940930,-0.05849318
-4.40310258,1.34250041,0.23841826,0.06844815
1.65274966,-4.51377119,-0.25576528,-0.26013657
1.73474276,1.39522026,-0.00060128,-0.24822639
-4.45641112,-5.01493735,0.06851695,0.55810352
-4.40267988,1.46444670,-0.41167817,-0.00365862
-4.35011066,-4.07039998,-0.04003784,-0.17890661
1.53428126,1.71252452,0.22374584,-0.04387189
1.86377876,1.33882023,-0.02236379,0.00075796
-4.29465490,1.80879770,-0.46276019,0.03540614
-4.92327506,1.72361582,-0.18522698,0.34056147
1.57738076,1.46227048,0.35866137,0.06866502
1.09750828,-4.35945369,0.01070536,-0.02804305
1.25918738,-4.47440748,-0.69686879,-0.31442020
1.51423060,1.47445760,-0.02896368,0.05542409
1.14296840,1.65387585,-0.05666377,-0.11649443
-4.51612747,1.32137233,0.01210822,0.14736330
-3.66103290,1.07012763,-0.03073978,0.02522755
-5.15914027,1.91076389,-0.10072939,-0.01136651
-4.18648629,1.74569269,0.51935389,0.22643778
1.53401853,1.72058072,-0.39326986,-0.29607233
-4.01605790,-4.77476618,-0.02554713,0.01629565
1.46857264,-4.41650768,-0.00012242,-0.00821589
1.33107961,1.09509572,0.16075405,0.14337836
-4.50609508,1.54203476,-0.22856849,-0.24046242
-4.79654081,1.42863891,-0.31145242,0.24634818
1.60193300,1.61071933,-0.19798370,0.16684836
-4.18511106,0.98824025,-0.12849591,0.01433818
-4.55748868,1.50543424,-0.36899092,0.76861974
-4.69399272,1.39760468,-0.21391093,0.12457149
-4.49721405,1.49105305,0.02119007,-0.04357285
-4.55335032,-4.57265144,0.04945778,-0.01239030
-4.51877410,1.60123488,-0.01969022,-0.03115453
-4.45907447,1.96516138,0.46494547,-0.15883863
-4.55682203,-4.02490507,0.07255738,-0.09443016
-4.66698763,-4.58540960,-0.01201649,-0.15661119
1.81617643,0.94392192,0.28728216,-0.03128187
-4.25653933,1.51428669,0.04655567,0.01753468
1.72817196,-4.34556615,-0.08944540,0.00614856
1.42774458,-4.60879714,-0.15859011,0.09033194
1.52347931,-4.62522022,-0.02341509,0.13763743
1.86411633,1.67153367,-0.03847904,0.05821315
1.64194998,1.14581349,-0.11959728,-0.10118042
-4.24503832,-4.87553793,0.21082173,-0.14002011
1.26297651,2.05291606,-0.03596221,0.06135199
1.43078892,-4.61714957,0.12433339,0.01948537
1.64525861,-4.81995749,-0.00048504,-0.00422420
1.49059918,-4.28723952,-0.17472926,0.50551335
1.55955516,-4.57315031,0.28438084,-0.22472083
1.50457150,-4.44151983,0.00055792,-0.26739488
1.40488662,1.40384240,-0.04909408,-0.12975185
-4.57177517,-4.41094415,0.08304832,-0.28071367
-4.48439317,1.48794087,-0.03269786,0.28195122
1.47537942,-4.52539744,0.04125331,0.04554259
-4.20771396,-4.15723350,-0.20995653,0.17256723
1.39338396,-4.30239984,-0.20446753,0.22193842
-4.49904640,-4.52430902,-0.24280681,-0.27050937
-4.52867913,1.25084920,0.49661475,-0.06959444
1.29656563,1.49057067,0.35674462,0.11870540
-4.56602919,-4.57991432,0.26970856,0.02715518
-4.45480964,2.07355001,-0.11665691,0.31179884
-4.49943882,-4.50872424,-0.12670370,-0.15959623
-4.47617644,-4.47165506,0.15328707,0.14394407
1.28857768,1.33089405,-0.00187138,0.04891520
2.46992478,1.08246399,0.38232998,-0.37735217
-4.53982888,-4.36919996,-0.27405986,-0.61307907
-4.44677229,1.00010081,0.53166363,0.14783613
-4.38045818,1.63374519,0.05795524,0.00387597
1.47307940,-4.52253790,0.13545603,-0.43178699
1.59583071,1.55262105,0.44397761,-0.23586415
-5.02343861,-4.75206364,0.07483457,-0.03300514
1.49936140,-4.50627707,-0.47226020,-0.41500927
-4.55247261,1.30951881,-0.12285392,-0.21767114
1.45745135,-4.47757989,-0.20229943,0.02546956
-4.22491217,1.68266311,0.54032028,0.46790570
1.46904361,-4.51520872,-0.03938138,-0.08885243
0.76940843,1.54933018,-0.09414941,0.03374554
-4.50076280,1.49839415,0.33337357,0.16544500
1.49797230,1.51182046,0.48104236,-0.08884153
-4.58397484,1.48208935,0.44057997,0.54644903
1.25686480,1.37144073,0.08552878,-0.08517956
-4.46409740,1.51918753,-0.30270611,0.02802494
-4.97926280,-4.20604956,-0.07271704,-0.16276369
-4.06533004,1.37249387,-0.25652297,-0.27176898
1.60624247,1.32663376,0.11591138,0.15927666
1.64414419,-4.39857237,-0.00666667,0.00490214
1.47365165,1.40866129,-0.27289387,0.16992982
1.41950408,1.46129812,-0.05888907,-0.51253104
1.39889774,1.74062010,0.01248152,-0.10582892
-4.24246823,1.33387936,-0.19940380,0.23287494
1.38955142,-4.42893300,0.06221696,-0.60034456
-4.71922401,1.59256406,0.05380766,-0.49585593
-4.18417506,1.44408427,-0.10534061,0.20130501
-4.53454432,1.75485482,0.35370228,-0.35225881
1.51631636,1.48627624,0.46373994,0.43714875
1.35578089,1.22502826,-0.23028917,0.24014452
2.41695328,1.34462151,0.19145988,-0.00950097
1.23705523,1.95479842,-0.03211939,-0.05904585
-4.87100021,1.67084608,0.08745605,-0.56230440
1.16549943,-4.33513998,-0.12401148,0.15287812
-4.39151068,-4.38088469,0.28953445,-0.11735217
0.96289942,1.15996646,0.22610232,-0.32581865
1.50713815,1.41635281,-0.11583486,-0.03776600
1.72361666,1.46580765,0.13955520,0.03541624
1.42843007,-4.67947236,0.08712455,-0.06052495
-4.87203865,-4.76958406,0.02044753,0.05035992
1.35667195,1.43631959,0.32444448,0.22918075
1.46421117,-4.30113766,0.09967799,-0.22115579
-4.55025669,-4.46407792,0.01671037,0.01016152
2.21452416,1.56999967,0.14215635,0.01385108
1.49343653,1.65927709,-0.05522309,-0.62688908
-4.53185965,1.30873439,-0.18653731,0.18172582
-4.50015011,-4.49541622,-0.38209460,-0.06924154
1.75714177,1.28563068,0.45178683,-0.27801586
-0.99479838,-0.90223962,-1.12741825,3.10951152
