-4.77402610,1.55319283,-0.15953998,-0.08128221
-4.66581395,1.36143018,0.11445474,0.19127872
1.32519136,1.80116045,-0.50153003,0.08443513
-4.50171204,1.49216709,0.36609543,-0.13702965
1.59183995,-4.51793441,0.10357041,0.02124128
-4.51890240,1.52052267,0.09700650,-0.04166915
-4.35285922,-4.59962211,0.28710564,-0.28941749
-3.83037951,-4.68432522,-0.05321022,0.00788291
1.43045483,1.31115242,0.01201310,-0.14246131
1.49065178,-4.51250777,0.01361982,-0.10949053
-4.53744930,1.46306729,0.03191045,0.12729176
1.59198126,-4.53297576,0.08415078,0.11507486
1.25107740,-4.47936669,0.07643657,0.24398616
-4.17153533,1.15130060,-0.06335959,-0.12109909
-4.53264458,1.45486906,0.42710295,-0.36336964
-4.44834448,-4.65543353,-0.05981529,0.21274724
2.09764365,-4.70570212,0.01341261,-0.15506606
-4.19866507,1.35156589,0.19011226,-0.07112175
1.31868486,1.75016358,-0.10168328,0.12645916
-5.05292332,-3.93924864,0.01051604,-0.00075376
1.63038714,1.51978332,0.05514093,-0.16213769
1.56836067,1.71292877,0.24411464,-0.56525756
-4.39314258,-4.44968882,0.20294418,-0.38606709
1.43227326,-4.68619180,-0.01069912,-0.00010705
-4.44986266,1.30423529,0.11626808,-0.04879723
-4.50515325,-4.45786047,0.01201111,0.11716048
-4.49709530,-4.48800226,-0.40618437,0.02780836
1.26919538,-4.79486246,0.00293891,-0.09808500
-4.80321578,1.42827339,-0.23560950,0.01406987
-4.49452570,1.58288709,0.09096689,-0.10775144
1.99443168,-4.43544505,-0.00584476,0.12912741
1.28451114,-4.20214469,-0.37684187,-0.18628235
1.65274371,1.69060223,-0.08154833,-0.10788719
-4.63321715,1.66660639,0.32027461,0.34562533
-4.72115014,1.48542511,-0.59819567,0.30320422
1.55370693,1.56776617,0.12470539,0.16160565
-5.03718386,-4.33307895,-0.11554628,-0.19136711
1.49665249,-4.53558895,0.06384969,0.29985632
-4.21320202,1.05300793,0.10454777,-0.16658623
-4.69139116,-4.04826254,-0.12855969,-0.16060050
1.73665461,1.55566586,0.04269181,0.05808204
-4.38746376,-4.63487317,0.21256222,0.02562529
-3.90496365,-4.57450299,0.08459346,0.15195229
-4.44025358,-4.77028327,0.26141421,0.10158754
-4.51283119,1.31847858,0.27490699,-0.04200213
-4.45384647,-4.51917011,-0.35543879,-0.27572474
-4.65638222,-4.45566771,0.34486977,-0.28633670
1.42681329,-4.19650876,-0.54907770,-0.08694064
1.43918117,1.49328556,-0.24478279,0.03044913
1.54570661,-4.55716882,-0.23987091,-0.49323493
-4.36727333,1.78607480,0.87506880,-0.18528669
-4.64212600,-4.56547912,-0.67141957,0.00798242
-4.45758453,1.51610733,-0.11496313,0.10314035
1.49561353,1.49801684,0.38513593,0.05491878
-4.33971267,-4.36754874,0.09571523,0.14003981
0.96828863,-4.76397588,-0.10618134,-0.08452361
-3.93483385,-4.38154551,-0.11152886,0.04081951
1.64436036,-4.73019282,0.28888314,0.03734859
-4.24106813,-4.71215777,0.28296295,0.48424259
1.48304134,1.51506319,-0.14404711,0.02418029
-4.55927728,-4.51491011,-0.45873586,0.02647439
-4.55199824,1.64951063,-0.16267224,-0.08976812
1.49941421,1.49988489,0.34364292,0.31800064
-4.86377976,1.55284293,0.14503735,0.26229859
1.67134394,-4.56186720,-0.05707186,0.24481909
1.50640100,-4.49991495,0.22012804,-0.06154597
-4.56656670,1.56240348,0.01062289,-0.06750653
-4.60821289,-4.26535988,0.12603452,0.18279529
1.42652849,-4.56308423,-0.25095730,-0.09404705
1.10246970,-4.50345789,0.01524637,0.34734183
1.75240484,1.65792284,0.03605848,0.07920010
1.59932387,1.70779464,-0.15820006,-0.17028236
1.90207338,1.30840968,-0.04931739,0.54958303
-4.54225570,1.55370368,-0.05179075,-0.02624596
-4.54341774,-4.40696027,-0.46358585,0.16029072
1.48867515,-4.48307530,-0.01600155,-0.01612834
-4.34182562,1.79528214,0.16006392,-0.33324101
-4.55823166,1.92978668,-0.11055797,0.28454736
-5.26633439,-5.24921299,0.00348360,0.13858540
-4.21016053,1.70286053,0.38849859,0.27042624
1.42622894,1.52706921,-0.32776464,0.04005927
1.21489087,-4.46209351,0.10077175,-0.26919433
-4.29474829,1.73576498,-0.04513684,-0.01664070
1.30698267,1.39417694,0.09505777,-0.14604213
1.40765249,-4.50075503,-0.05278984,-0.12211103
1.73503297,1.93681796,-0.03505475,0.08106068
-4.54166330,-4.30765632,0.17261106,0.25877952
1.50854390,-4.49886526,-0.37504730,0.38459693
-4.79956185,-4.86712556,0.18839046,-0.09790458
1.52171756,1.56463987,0.11373033,0.29284303
-4.37234921,-4.72201549,0.06147060,0.13610282
1.45966923,1.42210907,-0.14883970,0.07038238
1.24879520,1.38513067,0.06589461,-0.09696525
-4.22699808,-4.17939020,0.05290537,-0.09629864
-4.66923614,-5.07929057,0.37637496,0.61329841
-4.53502699,1.47972731,-0.07117032,-0.40497892
-4.73985692,-4.32189261,-0.00247058,0.07349148
-4.49386540,1.47196117,-0.15852207,-0.04430426
1.61808230,1.74780073,0.03571197,0.03554740
-4.45102926,-4.46283144,-0.33219379,-0.13055794
-4.31953873,-5.28205636,-0.12312510,-0.20729491
-4.45708524,1.61323621,-0.05843084,0.16200479
-4.03872380,-4.69275433,-0.03471626,0.03555968
1.48575536,1.48835228,-0.07835633,-0.13861624
-4.88210317,1.48457389,-0.40994970,0.02692072
-4.29465881,-4.66715749,0.01354190,-0.01078430
1.68424028,-4.71831817,-0.20024655,0.24775648
-4.39900962,-4.45049208,-0.09675877,-0.16555311
1.59295809,1.40777358,-0.05922059,-0.04821649
-4.59530670,-4.73625462,-0.14283831,0.02585739
-4.45157322,-4.62089052,-0.25023480,0.06260609
1.45249697,-4.49282193,-0.01135718,-0.41159866
1.67922351,-4.11510715,0.26094680,-0.06948324
1.63080558,1.45799867,-0.02677381,-0.00654465
1.27460259,-4.44173056,0.52174707,0.14602282
1.52220790,-4.30567546,0.16982589,0.12495972
-4.57170305,1.46625089,-0.08345260,0.11733797
1.54370293,1.50679755,-0.02338415,-0.09590333
2.06350804,-4.10386110,0.04870124,0.20981325
2.02776654,1.46573578,0.25856994,0.15059294
1.42417568,-4.19110854,-0.44269347,0.18774617
0.95509114,-4.45877689,0.02451859,0.26728541
1.10069589,1.59585159,-0.04215014,0.12472747
-4.91241759,-4.91263066,-0.05272604,-0.10570918
1.57829368,-4.50247891,-0.23238379,-0.11476016
-4.62713409,-4.61342836,0.31218307,0.14763287
1.63937299,-4.57954736,0.02141489,0.02786443
1.51944561,-4.49736373,-0.43081357,-0.03128005
1.41163626,-4.71302811,-0.02808429,-0.15069509
-4.68517662,1.91519468,0.40695285,0.10415571
1.44743238,1.10470492,-0.00572411,-0.00637501
1.81588707,1.64020094,-0.36005023,-0.42803703
1.21339243,2.32344341,0.02409523,-0.12393137
-4.61981902,-4.74424393,0.02511571,-0.82035175
1.41287767,1.34704555,-0.00381936,-0.12882743
-4.78458617,1.71993670,-0.09164581,-0.06366436
-4.11019542,1.42306150,0.24802071,0.30867949
1.68331774,1.54663142,0.44097257,-0.11274545
-4.40304427,-4.34192747,-0.33259400,0.03294412
-4.48940380,-4.40545836,-0.55132083,-0.30783087
1.49221386,1.49329719,0.57493391,-0.30680791
-4.52533286,1.48996783,0.17905075,-0.07583615
-4.69023446,1.81163835,0.88047341,0.75122381
1.36078813,-4.49067550,0.26359477,-0.16283998
-4.59294411,-4.47830900,-0.00416601,-0.00507533
1.48342498,1.50891958,0.04585646,-0.00953725
1.59088793,1.25360049,-0.07677844,-0.32175035
1.00668750,1.50988197,-0.03857255,-0.02353618
1.21229306,-4.62626952,-0.15317634,-0.00503834
-4.12803557,1.41252706,0.07622841,-0.09994062
-4.75535040,1.45249182,0.27682644,-0.08434379
-4.67117410,-4.37594674,-0.00071659,-0.00187713
1.58123889,-4.43207326,-0.53184358,0.43552502
-4.50470599,1.44641442,-0.12829631,-0.10864114
1.59814655,-4.32717955,0.02574400,-0.39435188
1.38632063,-4.66658394,0.10796933,-0.19243793
0.91797189,1.33387722,-0.45659287,-0.32110906
1.30637149,-4.44874879,0.29970777,0.46364808
1.49749067,-4.82457242,-0.22311631,-0.08075002
1.36317085,-4.32387522,-0.12184106,-0.03171009
-4.57516863,-4.35489717,0.07938876,0.07569986
-4.49143040,-4.41743189,0.36246399,-0.18262773
1.86082628,1.58172474,0.29087198,-0.38052534
-4.69856366,-4.75455875,-0.81273350,0.18037170
-4.49738858,-4.49757747,-0.06649136,0.00129471
1.42489519,-4.65050105,0.02647980,0.02587010
-4.93350608,-4.36512159,0.14539722,-0.08284221
1.55903121,-4.12329667,0.02043618,-0.09861098
-4.39580100,-4.36640758,0.05260125,0.08994077
-4.56897821,1.54301193,0.04242650,0.04105884
-4.41271975,-4.70099614,0.11525905,0.03977234
1.36714652,-4.46337625,0.08579897,0.10235548
1.70133936,1.28836066,0.06324503,0.03845807
1.45158001,1.52312078,-0.10439728,0.12442614
1.15611506,1.34728799,0.36198509,0.59057098
1.87990098,1.35144627,-0.02151980,0.07286919
1.68388185,-4.34675523,0.82273763,0.29364084
1.12768207,1.58599315,-0.11609291,0.11515895
1.30341066,-4.11510566,0.10713910,-0.27189686
1.42370087,-4.67130230,0.01025826,-0.03093976
-4.56003635,1.28788434,-0.20613444,-0.16477833
-4.43772793,1.29234517,0.31070071,-0.40912283
1.00386978,-4.39589588,0.07493496,0.06099457
-4.83559629,-4.50569185,-0.07278464,0.16863659
1.58190454,-4.45611249,-0.25481099,0.02863287
-4.49103976,-4.33222692,-0.14399455,0.07890777
-4.49281924,1.50391487,0.01403660,0.00199666
1.51704753,1.44504824,0.30663022,0.17826493
1.41620515,1.52336493,-0.12913838,0.13631706
1.45583651,1.10417097,0.43993768,0.15910214
-4.53707514,-4.24025519,-0.31953149,-0.20044108
1.05765896,1.09491818,-0.09574581,0.03925775
1.45809678,-4.54532756,-0.06611447,0.01304124
1.60059065,1.07785001,-0.25513955,-0.36869192
1.72459170,-4.45821583,-0.17343621,-0.17700178
-4.15611343,-4.46423531,-0.33778553,0.56089347
-4.75375357,-4.60037515,-0.31991506,-0.17339098
0.82503765,0.92926779,0.24961719,-0.00401615
1.58305397,-5.08417640,-0.59093442,0.08634277
-4.76042639,-4.43316514,-0.17255328,-0.02235351
1.60260210,-4.50021965,0.10935177,-0.12517114
1.51671306,-4.32759660,-0.68327938,-0.18172562
0.87275601,1.32247446,-0.16321771,-0.62175442
-4.49872699,-4.74439275,0.36967601,0.27746594
-4.12311014,1.51310653,-0.06086352,0.17676614
1.25014390,-4.47719401,0.06134246,-0.44872002
-4.50356524,1.76347335,0.01029510,0.11996969
1.43220016,1.73358984,-0.20980017,0.05607714
-3.83990486,1.51145323,0.19592369,0.10737686
-4.96628062,1.35678761,-0.42678688,-0.71764364
-4.49244556,-4.49953020,0.08064022,-0.14512144
1.34561096,1.31534796,-0.09374993,-0.11063424
-4.29734964,1.79054232,0.12644489,0.32283581
-4.68270412,1.98461384,0.21993797,0.28658643
-4.49773319,-4.49958620,0.18247696,-0.02580122
1.71251225,-4.40524065,-0.32194668,-0.06540722
1.73557018,1.46143286,-0.59830812,-0.08325808
-4.53394034,1.79190209,0.06401405,-0.07215316
-4.46595485,1.30644034,-0.02140710,-0.17969757
-4.63072134,-4.66736265,0.02522302,0.01486441
-4.64617052,-4.61895157,-0.08298759,-0.06696158
-4.49369989,1.18300041,0.22559865,0.46324355
1.56947243,1.71775264,-0.27436640,0.04180568
-4.47968273,1.58060090,0.29533744,0.01370772
-4.41635140,-4.30139498,-0.30521212,-0.08456676
1.76415399,-4.13071037,0.03212265,-0.51235344
1.66246468,-4.38754296,-0.10675965,0.10640843
-4.43358787,-4.06722649,-0.31833916,0.38699667
-4.53926834,1.50444159,-0.00094435,-0.12061731
-4.51211826,1.47879552,-0.00890405,0.06510918
1.53067621,1.68491791,0.16788333,0.24406637
-4.56052794,1.01490216,-0.13888074,0.03717109
-4.41977017,0.80478821,0.27213706,0.26853088
-4.93795898,-3.63956872,-0.15205812,0.08187544
1.20887429,-4.47470276,0.32534494,0.31888344
-4.22050361,-4.53042296,0.28719957,-0.22258949
-4.38208941,1.66722739,0.15999375,-0.02800830
1.39336770,1.66282375,-0.01976580,-0.49985056
1.37250598,1.58850599,0.02331690,-0.04116577
-4.25155656,1.62670078,0.18382709,-0.06080895
-4.48649792,-4.63632360,-0.15650795,0.04128377
1.50379773,1.38106945,-0.00962610,-0.08774794
-4.61827309,1.65175437,0.12967023,0.08013521
0.97417189,-4.16484484,-0.26841771,0.01343263
2.08359711,-4.63955360,-0.23996066,0.00347250
-4.16428803,-4.94758227,-0.17200291,-0.45110132
-4.56914740,-4.55773575,0.34231287,0.41187342
1.43751604,-4.30986552,0.08199680,0.14389035
1.45329548,-4.45673282,-0.37227516,-0.18285128
-4.34944587,-4.57092655,0.00911412,-0.00104557
-4.45936733,-4.43837291,-0.21372825,0.14238299
1.41112932,1.41642205,-0.18079482,-0.35342398
-4.73911047,1.51824349,0.04325500,0.50217985
-4.42960316,1.42743588,0.01547390,0.10883673
-4.48734125,-4.54582209,0.20823733,-0.13531395
1.44655772,1.54357121,0.20082560,-0.53758639
-4.59585514,1.56941320,0.17644763,0.61598361
-4.22778764,-4.57612370,-0.06118788,0.20245704
-4.05316566,-4.74592829,0.01273393,-0.00867938
-4.44370171,1.47488575,0.36211651,0.26470629
1.51343977,-4.50411515,0.02550566,-0.29231294
1.69349860,-4.01717830,-0.47659396,0.19062415
1.52253278,1.25981278,-0.22596439,0.26402730
-4.51860105,1.51371485,0.07138829,-0.07515597
-4.52508168,1.46144870,0.04608877,-0.21105180
-4.37731123,-4.39258528,0.34877821,-0.08762149
-3.79042869,2.06699677,-0.04151870,-0.13448474
-4.53439697,-4.44531640,0.53614375,0.22071391
-4.40232818,1.68674964,-0.25005864,0.42077922
-4.26016507,-4.86175523,0.29887692,-0.03990186
1.43842277,-4.97375568,-0.13837442,-0.09335840
-4.43919038,1.80683825,-0.25459842,0.00741134
1.43821370,-4.52396511,-0.14258000,0.06151987
1.69511319,1.53653648,0.28342546,0.04741392
-4.31801968,-4.74956003,-0.01099623,-0.08418470
-4.85335831,-4.40740351,0.21235808,-0.13698166
1.77766763,1.69751877,-0.17005212,0.31375449
-4.64606425,-4.55414322,-0.14210812,0.27382852
-4.53021612,1.53337457,-0.12209408,0.39709880
-4.28215517,1.56889275,-0.07190412,-0.56223354
-4.62397976,-4.47957343,0.21536828,0.07282668
1.52532486,1.54092158,0.34719977,-0.11122518
-4.67759510,-4.36244003,0.06695624,0.00759209
-4.75316908,-4.66161867,-0.03415197,-0.10700612
1.35709441,-4.95734107,-0.19595841,-0.29757099
1.48379694,1.22009318,0.74433624,-0.34494194
1.33121244,-5.03590537,-0.03572608,-0.25434795
-4.37372992,1.85261577,-0.16216008,-0.18752131
1.66308034,1.46653080,0.06183510,0.02940521
1.49023021,-4.53866106,0.14501636,0.42333013
-4.65521084,-4.53052163,-0.06081549,0.17255373
1.46761235,1.41266472,-0.13119223,-0.10099379
-3.95438152,-4.70291488,0.18164386,0.10220266
-4.07282825,1.28164607,-0.52179051,0.40883259
1.77589588,1.60690268,-0.04245031,0.20136490
-4.54174578,2.45399230,0.07037543,0.02149696
2.09250529,-4.16421460,-0.43554177,0.16100501
-4.86931380,-4.46827310,0.03094509,-0.32945084
1.43299437,-4.73403943,0.09505089,-0.44174458
-4.93469516,-4.54839198,-0.36730383,0.40078673
-4.48392554,-4.46050074,-0.03720604,-0.22793603
-4.87027191,1.33215784,0.20381082,-0.18538194
-4.42443115,-4.47183399,-0.69640258,0.11099398
1.45145989,-4.55837808,0.18505780,0.08432102
-3.96448999,-4.40114466,0.10189768,-0.05954173
-4.43570746,1.64894273,-0.00916603,-0.03149873
-4.87888149,-4.50733270,-0.29759713,-0.36670782
1.79892274,-4.67207352,0.32146448,-0.26044894
1.53661190,1.60653632,0.07920569,0.10457105
1.49118020,-4.52762629,-0.00256241,-0.01202542
-4.51898490,1.45217587,-0.02219913,0.14644939
1.51425086,1.50398732,-0.01606571,-0.14589967
-4.47018059,-4.93539528,-0.12387322,0.25242863
1.22436587,1.45011062,-0.14335072,-0.24378085
1.47352084,-4.52733385,0.01713325,-0.12502555
1.39868500,1.83330283,-0.02871931,-0.01610611
1.46176701,-4.58454589,0.41705741,0.21083656
-4.29005704,1.06355349,0.04098424,0.06323107
1.59951024,1.52293873,0.19702613,-0.19196995
1.77161638,-4.73021678,0.27222919,-0.05735081
1.51514404,-4.59326073,0.28745401,-0.14487556
-4.50021135,1.49150060,0.20692306,-0.26086507
-4.53513085,1.50298002,-0.37721917,0.11143440
-4.27889940,-4.77406984,0.02330284,0.18599516
-4.47793585,-4.39992833,0.07971274,0.05043295
-4.47809930,1.49473504,-0.12555405,-0.04400012
-4.27056250,1.80514860,0.25152518,0.24706599
-4.28312853,-4.87669524,-0.31666948,-0.22903830
1.47993983,-4.28610307,0.13239487,0.26644996
-4.33002110,1.47411499,0.16568230,-0.13087815
-4.57051705,1.37217026,-0.09850541,0.22432792
-4.86216284,1.46286883,0.10715728,-0.38012987
-4.62371224,-4.52910119,-0.01190761,-0.08913765
1.08211951,1.28147362,-0.46234318,0.17029871
1.21663846,1.93207858,-0.00841019,0.02024324
-4.46743252,1.55643120,-0.37263169,-0.04273466
1.47783053,1.51415410,-0.23239079,0.24744030
1.55876232,-4.62552555,-0.12306394,-0.24487929
-4.80942115,-4.21332456,0.11179599,0.20206661
1.51972489,-4.49390653,-0.12834920,-0.00275574
-4.54187569,-4.46734008,0.28597819,-0.13375876
1.63958287,1.87210783,-0.02831778,0.00531181
-4.58099580,-4.49664094,0.09958525,0.00277383
-4.39813907,-4.50014914,-0.09565424,-0.19086226
1.36295134,-4.94884032,-0.03717871,0.06513996
1.47616512,-4.40946183,0.02297136,0.01532924
0.85316686,-4.17500614,-0.01536293,0.00346599
-4.23118038,1.49853488,0.16010201,0.28740149
-4.13254371,1.57877260,-0.14979758,0.36845818
1.55028197,1.48390129,0.16768957,-0.07433839
1.71639565,-4.31361186,0.04854897,-0.12462710
-4.42695746,1.52192295,-0.07545616,-0.10666566
1.50366780,-4.49824630,0.00568061,-0.01873341
1.93562608,-3.81144062,0.07662395,0.17110753
1.48516142,1.55057548,0.23675164,-0.00519959
-4.60033930,-4.33745062,0.04773919,0.22228177
-4.69308001,-4.53273551,0.00711262,0.56584187
1.64960564,-4.26527888,-0.52861719,0.25831680
1.89313125,1.23925843,0.06483848,-0.19583772
-4.63100090,1.42434998,-0.29512803,-0.16820835
-4.55194323,1.37672301,0.22502963,0.14755162
1.32039332,1.78553107,0.20793770,-0.20907457
1.76356809,-4.60830111,-0.16836216,-0.09374970
-4.64850301,-4.28287051,-0.19453158,0.52259079
1.48640442,-4.50286069,0.07896236,-0.11674986
1.52217439,-4.46800058,-0.35956679,-0.07463121
1.48683180,-4.74458227,0.04774740,0.42780858
1.50991894,1.53930300,0.25961837,-0.20193809
-4.48969355,-4.57785867,0.02051901,0.61899150
-4.33580484,-4.69978294,-0.03973939,0.08868489
-4.38969157,1.32277806,-0.25969837,0.18148098
-3.93528415,2.35287321,0.11424331,-0.28951258
-4.75554764,-4.87219221,0.22171362,0.06448644
-4.99492086,-4.73630709,-0.02121558,-0.18189627
1.59074110,1.43851071,0.00846019,0.02364590
-4.29924186,-4.24449149,-0.57225510,0.17035578
-4.70021845,-4.42654931,-0.26650365,-0.24655926
1.21045700,2.10596516,0.07798764,0.29687536
1.72522132,-4.15376108,-0.12869568,-0.19709582
0.97964704,-4.52512050,0.05371128,-0.05130023
1.56893322,-4.12481171,0.29614383,-0.22832599
-4.22294553,-4.00335808,0.48065646,-0.04145199
-4.43108177,-4.74435623,0.02217122,0.05094500
-4.04802549,1.55668995,0.30556672,-0.34036406
1.52883775,-4.38717135,-0.20337384,-0.11034698
-4.26273504,-4.05128258,0.17232006,-0.62384806
1.57501835,-4.51847751,0.17039035,-0.07637488
-4.41692199,1.52782524,-0.15538111,0.31770660
1.50525538,-4.08783030,0.10507110,-0.06740499
1.70790336,1.80236519,-0.49509999,0.51818986
1.12362734,-4.51630687,-0.06539441,-0.32299392
-4.48421300,1.52484065,-0.47531999,-0.16694996
1.48395511,1.52664893,-0.71702982,0.04512883
1.47037081,1.50272706,-0.17604899,-0.13800249
-4.23191891,-4.66892648,-0.02147005,-0.01222057
1.47992750,1.51894531,-0.11885041,-0.46133423
1.56842118,1.37568082,0.13888158,0.15556151
-4.27139904,-4.73251395,0.11273924,-0.29983923
1.65030223,1.40729235,0.04626378,-0.09788981
1.66493201,1.37095129,0.13111053,0.56631421
-4.39801236,1.59018875,-0.06604644,-0.04953781
-4.66631794,-4.37715320,-0.37402277,-0.07188220
1.74864093,1.65644614,0.02281993,-0.13341439
-4.21417311,-4.14737995,0.02348942,-0.37933527
1.37615869,1.58233531,0.04398719,0.15280168
1.28956074,-4.23796013,-0.03929241,0.02537496
1.34050069,1.30186645,-0.15968162,-0.12863492
-4.27554195,-4.54860320,0.03938746,-0.23303943
-4.37171464,-4.46057816,-0.07481716,-0.20649390
1.55696328,-4.63888773,0.01798195,-0.38614062
-4.38534825,-4.03499579,-0.13690253,-0.06550594
2.01450021,1.30762077,0.01879794,-0.47119668
-4.65232276,1.74248214,0.07507001,0.18008069
1.47571582,-4.50048179,-0.11433922,0.01562415
1.52954520,-4.66638207,-0.46825056,0.45546289
1.48541653,1.48935021,0.25979942,0.15667156
1.55230866,1.77325112,-0.00357518,-0.02369432
-4.60922393,0.91286571,0.15326710,-0.35310158
-4.77406765,-4.52011302,0.29238176,0.24227715
1.26378608,-4.48165549,0.19362614,-0.10081993
-4.48440180,-4.61487873,0.00648188,0.00069307
1.40293893,1.46776639,-0.25722166,-0.19687423
1.42319558,-3.85681873,-0.12197783,-0.13161065
-4.01946209,-4.36073948,-0.05102884,-0.06564321
1.91122282,-4.13687986,-0.04569591,-0.07212807
-4.04600122,-4.57205384,0.15864652,-0.04537063
1.42668142,-4.87771495,0.11030673,-0.02414418
1.66035715,-5.25945171,0.20380409,-0.20904001
-4.39872475,-4.54733734,-0.18584556,-0.06965118
-4.35097112,1.41949857,0.27946968,-0.00437241
1.67725008,-4.38971375,0.05930530,0.21648676
1.51633737,1.47320208,0.01870406,-0.42719229
-4.48410613,-4.50254304,-0.33276835,-0.03650400
-4.57360667,1.59866922,-0.00751954,0.10809527
-4.50296602,-4.24152610,0.14705803,0.13728199
-4.87962666,1.36423372,-0.17640094,-0.42806430
0.89683563,-4.52051602,0.05639124,-0.18451716
1.38277571,1.41645192,0.27417302,-0.28591879
1.52000276,1.61338114,-0.14488774,-0.10061879
1.51753643,1.51132943,-0.15049101,0.10849637
-4.50954215,1.48571214,-0.07539713,-0.00814103
-4.46144669,1.54848587,0.33045350,-0.48584944
1.62306974,1.63905349,-0.29410255,-0.07103884
1.77017765,-4.40673880,0.10685378,-0.02259845
1.64092696,-4.49056537,0.33136082,0.24057147
-4.50944899,1.43245926,0.15364099,-0.01411765
1.64890518,-4.88871827,-0.20589509,-0.11807778
-4.48806190,-4.49088480,-0.10545066,0.32291551
-4.55954809,1.53973740,0.22988602,0.29686299
1.52445154,-4.51256972,0.25935744,0.18726150
-4.62109224,-4.49303154,0.46453980,0.14626283
-4.77166572,-4.11180151,0.32711590,-0.18865319
-4.50433202,1.45658038,0.35857957,0.25677932
-4.54433118,-4.51750956,-0.00210577,0.07878834
1.47924658,-4.39566672,-0.11509306,-0.18582407
1.44980312,1.46749163,-0.01439586,0.56385273
1.30564197,1.51802064,-0.13435661,-0.04398158
-4.43903639,-4.35038858,0.07289540,0.00613143
1.41663960,-4.20744517,0.22721985,0.36173386
1.77663144,1.46764050,-0.05748657,-0.26697096
-4.19708796,1.05489979,0.18565255,0.18906580
1.51002468,1.51408794,0.05423534,0.25445249
-4.46555892,1.45447848,0.00496928,-0.00184025
1.26737875,-3.95418513,-0.25949587,-0.49528364
-4.54042001,-4.50930001,0.06080523,0.25698347
1.67369863,-4.67968261,-0.02724815,-0.07464438
-4.24729081,1.18669991,-0.09269908,0.05428506
1.63397600,-4.36278920,0.17078727,0.26747620
-4.49340814,-4.41382248,0.31881134,0.00897153
-4.49970660,1.50174139,-0.10424302,0.33880600
1.12980003,0.92944406,-0.03767779,-0.02454597
-3.88861485,1.41962806,0.44634616,-0.41407461
-4.41430070,-5.00530242,0.07227673,-0.12805227
0.51488595,-4.93478110,0.20834171,-0.09427365
1.10642539,-4.21089389,0.12723094,-0.42612266
1.52671978,-4.62649600,-0.04498661,0.17657673
-4.66322393,1.54331579,0.16274214,-0.18878635
-4.71435433,1.78433536,-0.10350434,-0.29372827
-4.02048458,-4.68209079,0.04759757,-0.06841289
1.59689419,1.52381345,0.00713662,0.00530406
1.51102169,1.53177500,-0.26876870,0.18958385
-4.51643055,1.61244209,0.32038625,0.06278787
1.71898447,1.45821414,0.11981277,0.15948199
1.39600538,1.50846234,0.27762095,0.15877808
-4.68246289,1.46267289,0.37854276,0.40125798
1.34231758,1.12904682,0.02181896,0.06007070
-4.47708527,1.54354971,0.21692920,0.52364393
1.60236483,1.39363476,0.04794876,0.20761333
-4.74809966,-4.79726058,0.13357932,-0.05405749
-4.45420419,1.39644268,-0.08899064,0.05588549
1.72488544,-4.60069792,-0.38713139,0.14214099
-4.53852698,-4.54121881,-0.00273593,-0.04775993
-4.36692385,1.53072573,-0.19263973,0.09906762
-5.19225830,1.35096358,0.32799625,0.04379102
1.71094417,1.52804199,0.06102540,-0.08400786
0.39680586,-3.99998224,-0.13114809,-0.04466605
1.78405958,-4.29339681,-0.18405900,-0.15232920
-4.03458904,-4.60170854,0.14393848,0.02258950
-4.44042243,-4.47018340,-0.14288118,-0.02226087
-4.36968561,-4.47599353,-0.24870164,0.13635377
1.60499881,-4.18115104,0.14527046,-0.02245410
-5.06860431,1.17741310,-0.08604376,0.20818077
1.67962791,1.60813107,-0.00197243,-0.00111334
1.59957086,1.50208086,0.24176487,-0.47079836
-4.90408008,0.89724445,0.03509104,-0.23421025
1.41352544,0.98946405,0.11692399,0.34945975
-4.57245278,-5.19524273,-0.00198819,-0.00153301
-4.57167491,1.57148292,-0.53739234,-0.13217437
-4.56094247,-4.52625079,0.09123028,-0.15588694
1.33518175,1.54704523,-0.06389623,0.01518343
-4.62103691,1.18322600,0.20544044,0.09053687
-4.49884953,-4.49975769,-0.22627550,-0.13898292
1.33859738,-4.30519347,0.11127133,-0.36570426
-4.48414508,1.44897545,-0.18668767,-0.05683148
1.42630082,-4.52451081,0.01100439,-0.01165653
-4.92588276,1.13740117,-0.16721936,-0.12048102
1.51297368,-4.42130525,-0.05894028,-0.02639484
-4.58710072,-4.49278921,-0.14307160,-0.15365015
-4.43079735,-4.58455931,0.02607928,0.11143359
-4.93171752,1.80136095,0.60730169,0.42123061
1.74542966,1.42393742,0.33488754,0.10993578
1.66988099,-4.11697363,-0.02121490,0.04501474
1.44528108,1.89638934,-0.34491732,-0.12211514
-4.88433232,0.77438410,-0.05473408,0.25932709
1.50222352,1.50363536,0.16083218,0.38360688
-4.55406493,1.51223020,-0.32833756,-0.24544441
-4.21870488,1.22592752,0.00456433,-0.09022427
1.25928658,1.51187503,0.15290493,0.13547926
1.26518434,-4.59245608,0.10293341,-0.15568602
-4.18428109,-4.73825301,-0.30205682,-0.36302828
2.16026001,1.63466139,-0.01969871,-0.02214562
1.70766083,-4.24150037,0.19535721,-0.50415548
1.51334315,1.46043113,0.24400995,-0.15073309
-4.68895250,1.48951134,0.07025043,0.14591941
-4.43677562,1.40721871,0.20411336,-0.12598650
-4.60003108,2.12840583,0.10230366,-0.27597922
1.27953353,-4.42964406,-0.57664315,0.28627457
-4.72683698,1.48812898,0.14783509,-0.25528790
-3.97044819,-4.48184781,0.13973763,0.03335807
-4.21350728,-4.63413561,-0.09024177,-0.08720002
-4.33097250,1.75376467,0.01302990,-0.00006949
-4.40681108,-4.54770987,-0.05678665,-0.03484195
1.44772304,-4.10564285,0.35566938,0.26862724
1.66202335,-4.39084511,-0.00131297,-0.00802865
1.00639312,1.44263842,-0.04940487,0.08041564
1.33455190,-4.44364189,-0.14191886,-0.02950975
-4.16487246,-3.84392320,0.00551360,0.07134040
1.59464561,-4.24867747,0.02016595,0.00054412
-4.39216204,1.45878610,0.18865261,0.08971456
1.45115626,-4.46585015,-0.03630845,-0.04171043
1.37644242,-4.30107344,0.03861036,-0.13632023
2.11323348,-4.52896199,0.10503745,-0.07615264
1.64498666,1.27635736,0.60197182,0.45459264
-4.45814523,1.50251127,-0.20696419,0.27339836
-4.61781256,-4.27167979,0.01927858,0.02048463
1.94415040,1.65189902,0.03350581,-0.14889789
-4.49092366,1.50058463,-0.01855722,0.07279457
1.31406353,-4.35342973,0.04746229,0.01827608
-4.77511107,-4.71357048,-0.09207690,-0.01782987
-3.93991874,-4.21675820,-0.21365475,0.36464535
-4.31488846,1.55147536,-0.05647611,-0.07485894
1.47695007,1.24416183,-0.44625759,0.15465523
-4.59865816,1.54980692,-0.00667943,0.00284839
1.26266567,-4.31468938,0.03051620,-0.02027266
1.50388297,-4.24724954,-0.40256298,0.27418082
1.33806997,-4.54998225,-0.19036283,-0.23311211
-4.41298903,-4.79216395,-0.17414508,0.26585571
1.89196015,1.47324588,-0.48379547,0.30455773
-4.48398623,1.49670776,0.17509571,-0.45672839
1.50493329,1.50526477,0.34225526,-0.08422400
1.76112492,-3.91587395,0.05921346,0.09827388
-5.63850732,1.48929612,0.03245269,-0.16552672
-4.48656655,-4.44420557,0.11857517,0.00638853
1.07804280,1.50208965,-0.06780838,-0.06913299
-4.78238378,1.54968768,0.03763447,-0.10954128
1.40720992,-4.67752450,-0.07376333,-0.07019308
-4.49975452,1.47634011,-0.01735180,-0.16088842
1.12012515,-4.74641489,0.07384695,0.00477117
-4.80222014,-4.60612416,-0.14142288,0.48105783
1.40512534,1.24664319,-0.00975082,-0.02953496
-4.73276195,1.31857815,0.29879839,-0.14699234
-4.41520626,-4.47196731,0.52324836,0.14681934
-4.50307524,-4.26557579,0.18062345,-0.54300402
-4.85313845,1.49287091,0.07607414,-0.37496524
1.17277504,1.84871345,-0.11807309,0.06028694
-5.09215553,-4.72584437,-0.05214023,-0.05535692
-4.42771849,1.29043651,0.01994094,-0.01613887
-4.07858371,-4.35019122,-0.10037530,0.47984082
-4.66622674,1.23422175,0.20511833,-0.02202823
-4.50772275,-5.21553418,0.07698798,-0.17679224
-4.37050928,-4.39380643,0.00385993,-0.13093734
1.29724542,-4.66566922,-0.21930429,-0.04684407
-4.50041543,-4.50237772,0.03802780,0.46754744
-4.50467725,-4.49959085,0.00488142,-0.16643377
1.42705101,-5.02485202,0.01773981,0.14006361
-4.57935438,1.82917314,0.27763608,-0.07993115
1.67980649,-4.28839481,-0.57631692,-0.09485027
1.50403007,-4.46939072,-0.00915193,0.10149108
-4.53795880,-4.46279016,0.14026534,0.16821047
-4.21056330,-4.11371048,0.15437091,-0.26091428
1.53224409,1.49181159,-0.11161158,-0.02122706
-4.31320857,1.74789396,0.04096076,-0.25427462
1.77229312,-4.59335465,-0.06679202,0.21160020
-4.50557592,-4.61713327,0.08670201,-0.11136164
1.34372760,1.63711563,-0.22576686,-0.17769178
-4.28840581,-4.64893164,-0.01892091,0.02459657
-3.51150603,1.15565326,0.06443088,-0.28659161
1.54985692,1.34815627,0.58359958,0.35194724
1.09548451,-4.57136676,-0.30911241,-0.24018715
1.73473664,1.47340669,0.17478084,0.21049659
0.95970159,1.52698904,-0.00194402,0.02416159
1.59119944,1.52850657,0.02815399,0.02592472
1.49149966,-4.37448098,0.56061720,0.16451720
-4.56349125,1.42571535,-0.15801675,-0.05333640
-4.56005014,-4.61516518,-0.03551919,-0.05101786
2.01199947,-4.49256631,0.31134965,0.76413596
1.37437191,1.90672283,0.00183672,-0.04039123
1.59298751,1.43401173,-0.17558297,-0.00282017
1.54355145,-4.59508287,-0.10682219,0.26254503
-4.29701644,-4.07658351,0.00106752,0.00274824
-4.42663022,1.44125477,0.00178136,0.00994178
1.04269960,1.34049500,0.20808606,-0.06661160
-4.45216490,1.74818984,0.21508972,0.21408428
-4.52135152,1.68123207,-0.19152410,0.03605966
1.54646716,1.47039182,0.00496618,-0.06355900
-4.55491203,-4.58481159,0.07604844,0.51371581
-4.58647096,1.49259508,0.01440140,-0.68760879
1.01917515,-4.46445728,0.07164437,-0.37221991
2.02852956,-4.24519614,-0.12098278,-0.57484468
1.09349178,1.14489809,-0.39683811,0.32556949
-4.86136434,-4.60055715,0.02125046,-0.06059871
0.90688119,-5.26068066,-0.03726768,0.00731650
-4.72763144,-4.64206150,0.00527302,0.24395997
-4.62616122,-4.44933558,-0.19235700,-0.10016551
-4.51314625,-4.45158475,-0.00310855,-0.02555767
1.22579138,1.95118198,0.00429908,-0.40284649
-4.38387641,-4.57879228,0.16304986,0.42848216
1.63685929,-4.48241038,-0.16754415,0.15946502
1.07160362,0.82798716,0.27567582,0.26120497
-4.45640056,1.78582963,-0.12078463,0.10675879
1.56547578,1.58669245,-0.18418724,-0.16815426
-4.35044334,1.63445229,-0.01512578,0.22725190
-4.51907525,-4.34450951,0.34310131,0.25695873
1.71303326,1.19584867,-0.26820657,-0.05116721
-4.44982528,1.98280994,-0.46155005,0.21130654
-4.04247443,1.30833250,0.70916618,-0.16927347
-4.32581311,-4.37041783,-0.23260864,0.01238359
1.94350590,-4.44263998,0.22308731,0.05897851
1.22368027,-4.55480364,-0.23883185,0.14153342
-4.18188490,-4.43932562,0.34073529,-0.24830636
-5.03227758,-4.19996500,-0.16701522,-0.53029716
1.57211837,-4.49956966,-0.26247727,0.08263718
-4.01945657,1.57314305,0.14170520,0.57835410
1.02661363,1.08157124,0.37887170,0.22803522
-4.04798966,-4.85083618,0.22969092,-0.69734788
1.46211131,1.51892549,-0.07189992,0.31730536
-4.11483782,-4.43511864,-0.25951417,0.11304616
1.46358387,1.44081334,0.14957333,0.12596848
-4.04904794,0.92151984,-0.03916923,-0.01329565
-4.92865571,-4.93796195,0.04223958,-0.08437005
-4.44425253,-4.23566908,0.01502402,0.00298553
-4.64343404,-3.95039104,-0.11885042,0.43025637
1.45328957,1.36142350,-0.05252283,0.00655252
-4.45073190,1.53617066,-0.25960397,0.28516022
1.61373765,1.31336768,0.11047130,-0.11130849
-4.62382247,-4.60312127,0.16386739,0.08317677
-4.81766361,1.50701191,-0.17870722,-0.15556890
1.05273067,2.06657545,-0.10872812,-0.00132110
1.48144837,-4.50972183,-0.28139108,0.31236654
-4.50051877,1.50572286,0.02923321,-0.14268631
1.33146241,-4.37422043,0.54099409,-0.27683309
1.21929592,1.17627922,0.06334701,0.37138071
1.82842601,-4.68407009,0.04457739,-0.00797800
1.43012463,-4.49208085,0.16204741,-0.03905412
1.58276234,-4.80277982,-0.18829570,0.09495000
1.43184002,-4.59378388,-0.11136951,-0.12264114
-4.53366243,1.32822149,0.07510863,0.08722857
1.60590469,1.62277607,0.53196043,-0.31479331
-4.55575084,1.30135263,0.25551220,-0.42925489
1.06787321,-4.58265307,0.19762202,0.38168492
1.54618186,-4.33742189,-0.16673905,0.07754257
1.67083870,-4.39763212,-0.01566643,-0.12812262
-4.26483416,-4.47188297,0.11557389,0.07781329
1.43969544,1.10315163,-0.23458105,0.14026034
-4.25890946,1.71855179,-0.03170354,0.02364056
1.11852188,1.60609644,-0.03678495,-0.14137533
-4.41112404,-4.81054336,-0.21865097,-0.14283257
1.89348246,-4.33071979,-0.12813458,-0.08402121
1.64778895,1.34390339,-0.22722565,0.29127588
1.52303784,-4.51036319,0.03483193,-0.04321866
1.43209148,1.45525332,-0.16512446,0.37525476
1.30744917,-4.61244423,0.02510878,-0.03747291
1.14244733,-4.63441727,0.28415789,0.19420949
-4.37884181,-4.51057567,-0.30594207,-0.06300111
1.43315850,1.47075346,0.15805991,0.07189025
1.76430761,-4.43394297,-0.25292917,-0.04452976
-4.50313998,-4.55085810,0.09036583,0.40790802
1.39135086,1.24460302,-0.06524644,0.17704916
-4.42092274,-4.48587589,0.41173551,0.17422410
1.50081022,-4.35117885,0.14436505,0.32817886
-3.78582832,-4.27256219,0.59302029,0.73592374
1.83573959,-4.08392029,0.00122115,-0.14170226
1.94262913,-4.36309190,-0.01670628,0.06800096
-4.81315711,1.15891718,-0.22177759,-0.27810522
1.22849430,-3.75363652,-0.01398554,0.00112326
1.54807438,-4.52667143,0.16968764,0.04572791
1.51186847,-4.92373280,0.34995684,-0.16519834
1.94860777,-4.65596145,-0.08520962,-0.05673391
1.75275516,-4.68725363,0.16821515,0.39147428
-4.49656614,-4.51030594,0.35423862,0.22488420
1.75609806,0.96915843,-0.04773230,0.09455638
1.75645853,-4.92123622,-0.03089946,-0.02220687
1.25145334,-4.63396473,-0.37742771,0.23167517
1.52863622,1.49424759,-0.03482121,0.10077210
1.48920247,-4.56464621,-0.52203160,-0.27769436
1.81723333,1.79412857,0.04507166,0.10095953
-4.53257231,-4.47630895,0.18406046,0.19744087
-4.50532495,-4.58335390,0.02210300,0.09759015
-4.30666932,1.52299346,0.35660383,0.30676044
-4.54333568,1.51691702,-0.33725674,-0.15694984
-4.39342149,1.89162788,0.16616937,-0.41252736
-4.24735592,-4.35245434,-0.03012043,0.09775079
-4.63645528,-4.75089078,0.25946797,0.42174363
1.20007704,1.74363224,0.05941629,-0.03892377
1.49157779,1.50649579,-0.36814983,0.09172806
1.95224277,-4.71646633,-0.04870615,0.65426060
1.19885152,-4.98351986,0.09489573,0.22250386
-4.24379404,1.65633619,-0.03837990,0.08981167
1.51375142,-4.52149280,0.21079165,-0.23006003
-4.48526260,-4.49309696,-0.00814058,0.01253384
-4.73287968,-4.51769087,-0.36130581,0.13728130
-4.37981637,1.41674545,0.02843745,-0.11099314
-4.84828728,1.09241138,0.15822412,0.06053826
-4.59619209,1.47061035,0.12385139,0.31895718
-4.61878139,-4.18875816,0.16320262,0.06068356
-4.44614292,1.53548462,0.10183556,-0.22475455
1.52440789,-4.37689481,-0.05441214,0.04912233
-4.60467150,-4.39823328,0.03363223,0.05302128
-4.57388726,1.47382891,0.38627114,-0.15166831
1.10151442,-4.45518625,-0.02552011,-0.01230740
-4.50363426,1.48548265,-0.15495920,-0.03742167
-4.31350930,1.61697935,-0.33676792,0.00473211
-4.52292913,1.46950922,-0.07406245,-0.15706095
-4.60994682,-4.44466632,-0.06367328,-0.04709406
-4.41061201,1.61018067,0.23910451,0.17059969
1.39229927,-3.76478872,-0.44503214,-0.38873808
-4.98552010,1.11562687,-0.14799267,0.29211062
1.50474747,-4.49933699,0.75411553,0.44841379
1.60792866,1.64855098,-0.02919098,0.00991858
1.54551094,-4.48778231,0.12982018,-0.24785805
1.75453583,1.34603975,-0.09281840,0.12056550
-4.86617167,1.50136140,-0.21138077,0.13773640
-4.55195477,1.51130460,0.03754173,-0.02173384
-5.16271453,1.33070959,0.03148719,0.26090909
1.69746155,1.93337797,0.04588202,-0.00385084
1.74513759,1.53691815,0.00097183,0.00088462
1.67377491,-4.54789900,0.31498518,-0.13269866
1.58006018,1.70270189,-0.14957013,-0.20523493
1.31874601,1.26906868,0.77691753,0.05361304
1.15191575,-4.42078402,-0.08282041,-0.07059455
-4.74068672,-4.75878756,-0.00047703,-0.03730324
-4.44179848,1.47073944,0.08870013,0.06928486
-4.40552129,-4.89584906,-0.42724010,-0.01230401
1.05066126,1.39922915,0.30720982,-0.15343325
-4.64826825,1.26970172,0.13955973,-0.79572377
-4.70427079,-4.02779016,0.35902421,-0.19555376
2.09241350,2.10050452,-0.00881312,0.00030619
-4.49428499,1.23693631,-0.01423862,0.14271467
-4.52539536,-4.76640040,0.12437856,0.36561325
-4.88304442,1.77213734,-0.33189177,0.26468355
1.51071653,1.81288444,-0.10280143,-0.28384079
1.49697130,1.05541838,0.18638108,0.22567794
1.36259801,-4.53586215,0.00517201,-0.07436721
-4.44909515,-4.24355813,0.02708031,0.35739409
-4.58520296,1.90795627,0.19664299,-0.00665306
1.11672455,-4.23972516,-0.40354286,-0.17365490
-4.50163209,1.50364713,-0.08952312,0.13749155
-4.65669829,-4.88984799,-0.34830563,-0.41565376
-4.18214025,-4.46037963,0.05917616,0.18689053
1.44456615,1.44469314,-0.13913244,-0.15886564
-4.45169461,1.46582054,-0.30422482,-0.34399587
-4.49187703,1.63612948,-0.34078902,0.18414754
1.56847593,1.83477533,-0.13169865,0.82307077
1.45728898,1.55414331,0.07718929,-0.61714506
0.93776624,-5.33844996,0.00136496,-0.00294764
1.44537637,1.41948515,-0.11552323,-0.12316281
1.42592072,2.10191524,0.50165615,0.04186563
1.40595244,-4.41649997,0.34329722,0.08758883
1.27678372,1.56148439,0.06923928,-0.00464143
-4.31357211,0.91279118,0.02653012,-0.01864542
-4.34552011,1.88248725,0.24786369,0.64568991
1.98966998,-3.93971001,0.02460372,-0.04751039
1.95890116,-4.50405091,-0.01857194,0.10807728
1.43419991,-4.59567283,-0.03143604,0.13153802
1.73325890,1.21287524,-0.06248459,0.06364799
1.60936376,1.66089715,0.56641878,0.04133021
-4.83891857,-4.20061452,-0.31514976,-0.12271442
1.45412463,-4.51294720,-0.26065448,0.12909176
-4.41064736,-4.66049375,-0.14632112,0.09606846
1.32434959,1.47969301,0.00330351,-0.00010099
1.81199096,1.77196247,-0.10786454,0.04416610
1.63994896,-4.48013540,-0.09134688,-0.28073052
-4.50173392,1.49924413,-0.06146246,0.12058151
1.85274063,-4.57909595,0.03570748,-0.01689305
1.64771875,-4.50632707,-0.16404041,0.11676687
-4.63484232,-4.43622233,-0.64638537,-0.54831053
1.81388677,-4.53293468,-0.22240500,0.45808179
1.83553916,1.31659513,0.01102544,-0.05011733
1.58431483,-4.43565253,-0.22934555,-0.20730592
-4.74724257,-4.29592900,0.00554496,-0.00776695
1.51340784,-4.74914404,0.56823769,0.77335920
1.13049782,1.26189203,0.12259170,0.11498495
1.21098985,-4.44090306,0.29328013,-0.14930638
1.18800098,1.09643292,-0.00692007,-0.00903230
-4.46724074,1.74793424,0.37711996,-0.52512922
1.50620258,-4.45765211,-0.02233593,-0.05528181
-4.23323164,1.44994818,-0.06583755,0.13667285
-4.45583275,1.68053232,0.04812502,-0.00845633
-4.68895697,0.86245965,0.11254159,-0.38043772
1.49630760,1.41516128,-0.06428911,-0.20248991
-4.73664357,1.42372649,0.07908480,-0.02204295
-4.52465795,-4.30269254,-0.01691859,0.00815137
1.20649056,1.37470057,-0.31110808,0.00677870
-4.65232930,1.74905729,0.09786472,0.08824647
-4.67458727,-4.28752611,0.01345663,-0.14745493
1.39757082,1.71175013,-0.11302348,-0.50380436
1.44403605,-4.31845276,-0.07227915,0.09067660
-4.47792817,-4.51142370,0.29320518,0.16302267
-4.41939762,1.31506503,0.15231420,0.11826746
-5.16405010,-4.84100968,0.06072217,-0.06806559
-4.63046926,1.52763385,-0.05139948,0.06592802
-4.57911792,1.26616819,0.05348666,0.13937665
0.83365114,-4.39448385,-0.06649595,-0.01999127
1.50904593,1.48182574,0.01432448,0.00682491
1.49695555,1.50569787,0.01844571,0.06261454
-4.73804605,-4.65527800,0.02025923,0.04036019
1.34988879,-4.48214300,-0.00356263,-0.00268994
0.88647853,2.12130945,0.20913707,-0.32816758
-4.41142076,-4.59043274,0.13693276,0.44313813
-4.19056828,1.36836324,-0.04050777,-0.08653218
1.49568924,-4.52429031,-0.02941270,-0.00676660
-4.47034672,1.51875242,0.31636206,-0.28074857
1.40633120,-4.49992639,0.06479174,0.00341928
1.47891942,-4.49459683,-0.11132967,-0.05433190
-3.85489597,-4.40489083,0.00203626,-0.00125400
1.25326426,-4.52389010,0.04497823,0.38974257
-4.47865210,1.52604488,0.18865565,-0.42131002
-4.27823164,-4.43953762,-0.04249849,-0.00154942
-4.40564666,-4.46066482,0.02668466,0.27420098
-4.49099756,-4.50853176,0.09537218,-0.09327865
1.33194849,-3.75271057,0.54007363,0.13880402
-4.87504641,-4.26500320,0.06170338,0.11065047
1.67203750,1.67019357,0.03214446,-0.08193559
-4.49819359,1.50078755,0.13686570,-0.61589776
1.26306787,-4.33944868,0.03417610,0.00371687
-4.49075813,1.50177244,0.09979540,0.12694958
-4.64050967,1.34805688,-0.69141227,0.12073093
-4.50410816,1.67157789,-0.07643757,-0.12615921
-4.42254897,1.43342644,-0.06379216,0.01202407
1.54197305,-4.49996422,-0.20964544,0.07156643
-3.97291629,-4.15878544,-0.01076067,0.29300275
-4.46935035,1.37707123,0.23392503,0.70287935
-4.86370225,1.02792532,-0.12754324,-0.17579204
1.58948015,1.53093596,-0.35853221,0.28156598
-4.23536290,1.00168600,-0.09387904,0.10454052
1.16536398,-4.78073403,-0.17724751,0.21454120
1.41874396,-4.64140688,0.27828954,-0.00208717
-4.01237468,1.94923474,-0.21053841,-0.25715492
-4.46611851,-4.79429214,-0.31448481,-0.04114967
1.42049456,-4.67693699,0.00382655,0.01243729
-4.54001744,-5.05337235,0.02310386,-0.15314687
1.85860475,-4.51634628,-0.02628456,0.00153107
1.47372957,1.34965189,0.22493234,-0.30213441
-4.02594870,-4.57686103,0.13312620,-0.06166934
-4.55824649,1.47731823,-0.20104941,-0.15269382
-4.62364454,1.57170992,0.00912775,0.11127749
1.65124674,-4.46905243,0.01429033,0.24079808
-4.07130936,-4.60541359,0.06040591,0.06579312
1.50720080,1.48766504,0.08688399,-0.09731075
1.65495892,1.23556860,-0.21676702,-0.01595204
-4.49420857,-4.38169249,0.27658978,-0.09410094
1.57927135,-4.14043180,0.10855553,-0.17761385
1.83504065,-4.35831428,-0.11834888,0.17313372
1.58511066,1.48038309,-0.22278280,0.02877409
1.32462554,1.68028669,-0.22955937,0.32601962
-4.54663656,1.64930331,-0.06432925,0.06765637
1.80831808,1.62212996,-0.04901649,0.12635572
1.50340154,1.49801976,0.02140908,0.00485576
1.43270689,-4.51219910,0.25686980,-0.08621435
0.96052886,-5.18272568,-0.48747958,-0.21676155
-4.61948000,1.58786887,0.11397472,-0.02878422
1.38930184,1.47134070,-0.23801719,-0.70170694
-4.50336648,-4.50555947,0.01016106,0.04770923
-4.11535686,1.46555183,-0.15046461,-0.26009476
-4.39441204,1.40857674,0.02770559,0.09020874
1.20416925,1.18732630,0.35050540,0.02548456
-4.21446855,1.52117153,-0.18693424,-0.06005245
1.61622148,1.49036297,0.29810779,0.15367779
0.80494394,-4.50052901,-0.16087682,-0.03766994
0.91280212,1.82236195,0.02075559,0.30732536
-1.25901295,-0.62603721,3.06783007,1.55047956
