-4.56402744,1.33225723,-0.54374461,0.11615931
1.59972425,1.54205414,0.04275804,-0.15230888
1.50118379,-4.49754570,-0.01571272,0.00490846
-5.07398364,1.39116418,-0.35743878,-0.11902739
1.81158523,1.67829968,-0.07004310,-0.05069284
-4.13643087,1.42073162,-0.08293171,-0.16594770
1.75714739,-4.63201115,0.09182619,0.04715202
1.79563077,-4.80546326,0.02545326,-0.17741767
-4.57785522,-4.80011097,0.48106631,0.68621245
-4.34817759,1.83057704,0.26098604,0.04805537
-4.40192458,-4.53902830,-0.27330571,-0.12496434
-4.61099106,-4.61561528,-0.03463378,0.06623257
-4.60611521,1.84038493,-0.22866505,-0.29878502
1.53506706,1.50030549,0.21655514,-0.05367727
1.32480262,-4.93608528,-0.19906621,-0.00962206
1.45794694,1.45301501,0.31767417,-0.49618024
1.35246765,1.51358421,0.22826316,0.35511390
1.50770767,-4.62895119,0.21100891,-0.19389369
-4.99223997,1.70544518,0.00050948,0.19326381
-4.70366386,1.43459346,-0.04889248,0.36033758
-4.50021544,1.49861570,-0.00200842,-0.00033636
1.29273770,-4.12296011,0.09160720,-0.04130639
1.51167023,1.59251709,0.22843369,-0.04066249
1.25624538,1.35389455,0.27185790,-0.43862301
-4.51879550,-4.45948971,0.23130601,-0.26843553
1.66914332,1.61334250,-0.29243524,0.37314700
1.31485172,1.51568895,-0.15020828,0.39298841
-4.39013210,1.42513900,0.08566177,0.03189431
-4.77867245,-4.52138442,-0.30913638,0.06621463
-4.82611356,1.43651615,-0.40589945,0.69673137
1.57727835,1.22008013,-0.30553644,0.77064996
-4.35271085,1.57966949,0.03479169,0.05257435
-4.76711240,-3.95628451,0.20167179,0.02700607
1.50023156,-4.90803286,-0.15304484,-0.23358788
-4.79925892,1.64985907,-0.02573756,0.06662364
1.40103697,-4.79303942,0.03801203,-0.04962816
1.56832777,-4.59801068,0.18957968,0.83589053
1.46130529,-4.42918042,-0.00074147,-0.04810702
-5.11326571,1.43270383,-0.00934177,0.04141656
-4.00581808,0.96299463,-0.25509352,-0.06163716
1.49357245,1.46867813,0.00103547,0.09348916
1.93155068,-4.70374856,0.00280922,-0.01048879
-4.28717214,1.42226289,0.23718556,-0.54314454
-4.49849051,1.49949548,0.07767083,-0.15054723
-4.41075769,1.49491908,-0.30545593,-0.36778544
-4.51989286,1.48975092,0.04012893,-0.02504055
-4.04912852,1.18655155,0.44781016,-0.01340620
1.46429764,1.84853557,-0.10619761,0.34959815
-4.41572978,1.20876308,0.07363597,-0.02786367
1.64491371,1.57399387,-0.42789388,-0.31737613
-4.42811083,-4.71092028,-0.03032262,-0.00094673
-4.26339402,-4.26950475,-0.07351787,-0.06587087
-4.80873609,-4.46368326,-0.58117225,0.09395567
1.96288612,1.22305373,0.05267952,-0.28847557
-4.58347740,-4.26029434,0.15581313,0.08351013
1.73097467,1.92970838,0.25768841,-0.20998143
-4.30004971,-4.75787120,0.14113642,-0.13730603
-4.28622852,1.68323529,0.07356259,-0.07515256
1.26004735,1.51719695,0.18194430,-0.18530957
-4.84680216,1.42394099,-0.10760484,0.05991185
-4.95476547,-4.59086254,-0.08544353,0.06150039
2.12827503,-4.86102257,-0.06258675,0.09620655
1.87868024,1.21802994,-0.00227055,-0.02821457
1.54274204,-4.46789328,-0.00997949,0.02739337
1.50887831,-4.80791013,-0.03089721,-0.41593209
-4.61966830,-4.46861861,-0.02384245,0.00956576
-3.79886158,1.17929119,-0.50012799,-0.57181736
-4.20678877,1.17728351,0.03965640,-0.03567693
1.91893696,-3.94502246,0.08608930,-0.05644870
1.04557480,1.46685347,-0.00807607,-0.26958762
1.42734672,-4.54180604,0.23170641,-0.33866796
1.51338272,-4.18852532,0.06380515,0.03917060
1.50525505,1.51821156,-0.00723006,0.09379173
-4.33048380,1.63061923,-0.01421834,-0.05483551
1.58480844,-4.53020678,-0.50783104,-0.17659623
1.46170832,1.34487508,-0.07907107,-0.17060295
1.45737400,-4.83093789,0.08044466,-0.15459560
1.52846559,-4.29411486,0.65217451,-0.29829264
1.34792271,-4.62352634,0.38119516,0.08775544
-4.00806361,1.37599525,0.10243591,-0.12812634
-4.35466709,1.15224554,0.42372854,-0.10064022
-4.83777098,-4.64440515,-0.08205094,0.00004230
1.77060441,1.56218434,0.00410857,0.34247861
-4.66224393,-4.48803938,0.45926877,-0.01122003
-4.85719126,-5.06464488,-0.18528930,-0.06476251
1.45509891,-4.52626807,-0.02724997,-0.53127693
-5.28842805,-4.80328195,0.19087940,-0.36137254
2.38783213,-4.29656363,-0.11286278,0.13606864
1.56959342,-4.53337205,0.33392210,0.07663114
-4.72076671,1.48920230,-0.00157194,-0.01677252
-4.50607679,-4.49004357,-0.05492973,0.11204203
1.38103412,-4.29503291,-0.07766674,-0.02426981
1.50343573,1.64865131,-0.03212666,-0.00146211
1.07723884,1.08284819,-0.00797750,0.17289647
-4.44730631,1.47836682,0.34218761,0.18125375
1.55530148,1.60014836,0.13560177,-0.09417240
1.37485133,1.19854588,-0.03600111,0.59538824
-4.57602404,1.73467431,0.39664264,0.23612411
1.46835797,-4.23868902,-0.04717410,0.56491840
-4.80918807,-4.23038399,-0.12387734,-0.06941267
1.46836425,1.47146105,0.50431539,0.05802719
1.40024084,-4.59945421,0.45271891,0.04601479
-4.51368386,-4.50092303,-0.32411889,0.22327367
1.38955157,1.53781997,0.02589745,-0.16142915
-4.49604047,1.51739721,0.00012027,0.00116512
1.46671496,1.50362127,0.22773060,0.05352545
2.05632176,1.68598839,-0.04964582,-0.16328862
1.59248724,1.46659966,0.09491435,-0.19285401
-4.91889431,-4.07401313,-0.11001933,0.04006805
-4.33437521,1.54846135,0.16067871,-0.07965350
-4.10367355,-3.87286491,-0.11885012,0.06657377
-4.64356969,1.48421529,-0.26695625,-0.08967254
-4.12948656,1.24219555,0.09206598,-0.74114222
-4.25261715,1.26402809,0.30193300,0.64076634
1.47652481,1.59028442,0.25099688,-0.32826240
1.42994030,1.52506462,-0.00546262,0.17459171
-4.51027420,1.39681012,0.00003343,0.00015681
-5.06504399,-4.12878920,0.25890610,-0.58329979
-4.50588826,1.49647723,-0.37278557,0.44282424
-4.92921005,1.48609255,-0.02044435,-0.01681677
1.44627666,-4.58619593,-0.01209944,-0.00573553
1.49050128,-4.82089686,0.56709551,0.07568039
-4.52866757,1.37883323,0.05788271,0.04427177
1.50309971,1.49853973,0.09489117,0.08542313
-4.51521017,1.60976053,-0.16986119,-0.20593356
-4.53084282,1.24848693,-0.33683139,-0.14004505
1.61197844,1.57097018,0.19982032,0.17701904
1.53536502,1.56555845,0.84090405,-0.13658132
1.71774099,1.66690344,0.75216699,0.02587385
-4.22362673,-4.47936732,-0.22621793,-0.09308540
-4.48578433,-4.35763534,-0.24206510,0.66442743
1.57450299,-4.35250329,0.58666202,-0.14919529
-4.44081536,1.57395787,0.02238395,-0.10065735
1.59202768,-4.19406779,-0.15317753,0.41079627
2.01671769,1.54662895,-0.20040511,0.09213286
1.74105266,2.19290991,-0.29235823,-0.04813320
-4.36868146,-4.72159298,-0.02190353,0.10494531
-4.27151729,1.58780337,0.13163538,0.03903638
1.56188581,-4.25811037,-0.37824614,0.14681467
1.76396462,1.69644427,-0.01276162,0.02565139
0.96555168,-4.83426616,0.11233953,-0.02518219
-4.40200250,1.59257099,0.04490210,-0.80148571
-4.47758880,1.74468492,0.34363093,-0.18766397
-4.49368236,-4.26119859,0.02865970,0.01341810
1.40622771,1.49057979,-0.07909163,-0.13799578
-4.45559628,-4.45704888,0.01448321,-0.00969448
-4.94283952,1.49745940,-0.06447940,0.12496805
1.78400099,1.28732500,0.19403584,0.46817813
1.62805260,-4.84563375,-0.16486827,-0.03831376
1.03904180,1.28476064,0.02591863,-0.04363435
-4.47125527,-4.57216966,-0.12168249,0.28944617
1.79023683,2.11366889,0.00367875,0.03226152
1.45255742,1.76064146,-0.06467469,-0.01217956
-4.37801064,-4.57670422,-0.00081134,-0.03187676
1.46741118,-4.44640623,0.06057758,0.11116797
-4.67249332,-4.75373500,-0.24820737,-0.56362137
1.38255275,1.34902525,-0.20165980,-0.05482091
1.40879322,-4.59641190,0.00470608,-0.08996455
-4.64250817,-4.25674937,-0.14492511,0.05856097
-4.55539269,-4.20615613,0.28484763,-0.39814634
-4.21700808,-4.64422719,0.01529277,-0.09157529
-4.43456055,-4.52748944,-0.24017612,0.31103770
0.78492460,-5.14102205,-0.00695273,-0.34111477
-4.52484378,1.50801244,-0.03571993,0.03513441
-4.86719674,1.39127451,-0.05505492,-0.00323787
1.64133567,1.62348735,0.06527940,0.00917231
-4.13668530,-4.36386468,-0.08205019,0.16048469
1.32581044,1.51090699,0.20964089,-0.17124029
0.97869345,-4.73671562,0.38947180,-0.09515363
1.21966601,1.81798335,0.04111879,0.02574188
1.99488317,1.01114359,-0.21491908,0.31420365
1.49519973,-4.51070658,0.14274272,0.14432341
2.00593202,-4.24747198,0.17405689,0.07800131
-4.21510647,1.83902103,-0.45878058,-0.35069141
1.48115725,1.11353277,-0.17911909,-0.25985074
1.52847069,1.03700101,0.44303096,-0.07544625
-4.50782019,-4.48300331,0.00563227,-0.03853888
-4.23555483,-4.34649396,-0.32462408,-0.03149878
1.49702608,1.60001552,0.43296068,0.15274849
1.70618382,-4.82199039,-0.02472115,0.01054808
1.65491238,1.62660692,0.23003416,-0.03887715
-4.13197364,-4.44416346,0.47292618,-0.03924529
-4.49708387,-4.15440335,-0.18575461,0.17964775
1.41973915,-4.44430773,0.13203818,0.01892639
1.67488544,-4.20431185,0.26144859,0.03957577
-4.58694480,-4.34990557,-0.50209475,-0.00900806
-4.39090634,-3.85799515,0.11171837,0.05664502
1.50041318,1.46800710,-0.17480062,0.39366512
-4.32896223,-4.36877673,-0.01445900,0.12636721
-4.50330363,-4.49524898,0.13753628,0.43580659
1.53817852,-4.57372373,0.07935866,0.50344444
-4.53371755,-4.50882279,0.22241682,-0.01883329
-4.60477835,-4.55742035,0.01545029,-0.01551621
-4.91831071,-4.25503420,0.05136021,0.02259272
-4.09314035,-4.68096129,-0.37485600,0.02146484
1.42188632,-4.36943846,-0.09769982,0.41280084
1.21817326,-4.46049588,0.27645700,0.64427030
-4.42691455,-4.14383707,-0.08521703,-0.05335727
1.23898668,-4.42958548,0.03410368,-0.11491925
1.58569440,2.03691917,-0.09950827,-0.26077169
1.55613783,1.32883064,-0.37213380,-0.19158816
-4.31651933,1.61523383,-0.08354769,0.38929528
1.75975096,-4.57933869,-0.05812614,-0.52449922
-4.49379116,1.48518141,0.23154226,-0.08270561
-4.66380474,-4.78497166,-0.12819447,-0.01458075
-4.48919622,1.64890527,0.22655134,-0.03284728
1.42399119,-4.46841549,-0.34601559,0.34144308
1.88961422,-4.15561974,-0.04736746,-0.03664734
-4.22870096,-4.23078379,0.00188449,-0.20284710
1.42830941,-4.68824561,-0.13869002,0.15099421
1.47935600,-4.30440196,-0.38606055,0.25175947
-3.99897918,-4.10842813,-0.06902408,0.22421390
1.54738339,1.22326957,-0.42678697,0.48931475
-4.54069582,1.51715598,0.01209122,0.03464119
1.77185270,-3.92078447,-0.45300718,0.07193139
-4.68871131,-4.26963637,0.06936653,0.14803440
-3.71762987,1.43186809,-0.05727152,-0.03673688
1.51917588,-4.30053117,-0.04962103,-0.00896360
1.36082197,-4.22356740,-0.33806824,0.00870797
1.62445446,1.61810311,0.03842402,0.00497649
1.47595064,-3.79848070,-0.37683693,-0.26714201
-4.72117182,1.56446185,-0.42595795,-0.30018883
1.11969832,-4.63476783,0.01927574,0.07066634
1.20001763,1.85017274,0.14348786,-0.04043446
1.48726634,-4.49571194,0.03885726,-0.24708662
1.42641612,-5.08298657,-0.09414323,-0.31043805
-4.42677433,1.95333922,-0.04819119,0.13361173
-4.47836281,-4.51100228,-0.31026400,0.02290748
1.44688699,1.57076812,-0.10021430,-0.05346506
1.71171153,-4.36429934,0.02776605,-0.00941703
1.57892163,1.50729616,-0.42477814,0.02626304
-4.46327762,-4.48395458,0.15042184,0.11009910
2.08827242,-4.86509840,0.02354958,-0.08621626
-4.48603923,-4.51563579,-0.21346085,0.07994790
1.17533283,-4.72166887,0.00977771,-0.01465726
-4.63042007,1.45991201,-0.00817767,0.00150260
-4.54494105,-4.30817992,-0.53096710,-0.12738774
1.68792915,1.03289019,-0.19642194,0.03169703
-4.51118594,-4.36868354,0.37361093,-0.09517306
1.30675517,-4.62514561,0.01617137,-0.29650121
1.89228108,-4.48006413,-0.08394173,-0.11998134
1.30578159,1.56504106,0.31573995,-0.83558695
1.45297600,1.69541844,-0.18486865,-0.02747576
1.58659069,-4.46133928,0.00888565,-0.06814533
1.59270474,1.41991943,0.00182033,-0.00220213
-4.45940710,1.53996867,-0.02717973,-0.23643599
-4.52310739,1.65746546,0.00717700,0.00034032
-4.33500096,-4.64969003,-0.02927314,-0.07700911
1.34149189,-4.04040217,-0.02878733,0.07081108
0.72958290,-4.80095455,0.00702259,0.01297577
-4.87461190,1.89814137,0.29319468,0.00025304
-4.42795484,-4.59049289,0.31493229,0.01179413
1.65169543,1.55309987,-0.41554656,-0.37507396
-4.51367867,-4.51510921,-0.39446119,0.09420246
-4.49061269,-4.49844320,0.01314765,-0.01257545
-4.40185497,-5.06787489,0.15938971,0.52295065
-4.43130546,-4.99008068,-0.31254722,-0.49328676
1.54697318,1.53960132,-0.10072831,-0.23158602
1.50402072,-4.13168369,-0.34144069,0.12155878
1.22080723,-4.56808945,-0.17877766,-0.13224857
-4.38593428,-4.77965916,-0.23851639,0.04884177
1.58146101,-4.33272280,-0.03922730,0.12596462
-3.97358366,1.58035246,-0.08201107,-0.24431037
-4.68628791,-4.29931088,0.29884593,0.16670921
-4.40708207,1.42807190,-0.00329934,-0.00437790
1.63942575,1.38462239,0.00454008,0.02884319
-4.59689845,-4.62799554,-0.11647437,-0.00053147
1.40486055,1.45373738,-0.07542612,0.16786594
1.76142624,1.79355274,0.12847844,-0.03670748
1.87444185,-4.52756962,0.16395468,-0.08260157
-4.69576677,-3.97189860,-0.09481708,0.05249679
1.47832857,1.50295580,-0.07729154,0.03537923
1.30742026,-4.88313343,-0.51355526,-0.06366142
1.79331162,-5.39092543,0.25122406,-0.19950551
1.57023664,1.54351231,0.17530325,0.23535195
-4.25822157,1.14385955,-0.15625755,0.19914241
-4.49895278,1.49719030,0.00157358,0.00621542
1.78146377,1.64266364,-0.04461101,-0.24822068
1.35134619,-4.53457614,0.00262813,0.00265050
1.33280853,1.72763976,-0.16751507,0.01984013
1.48545191,1.51637444,0.00284293,-0.00238020
-4.64029471,1.65220445,0.22187694,0.13373923
-4.64162522,1.03625254,0.33128806,0.49942461
1.95626674,-4.77710779,-0.01040675,0.09551486
-4.50541335,-4.51142203,-0.06349671,-0.01686593
1.43432077,-4.35675503,-0.12589177,0.10950127
1.54386027,-4.56787321,-0.23787608,0.15615167
-4.05846492,1.68760346,-0.02185499,0.00189062
1.45771539,1.54309838,-0.13100054,0.04964656
1.65036109,-4.60149663,-0.03143392,0.10504057
1.49295958,1.67110857,-0.01628157,-0.05456742
1.54856639,1.62516069,0.26360078,-0.41053540
-4.46062012,1.93521382,-0.04212844,0.02164090
-4.74028804,1.29999874,0.14883860,-0.03825166
-4.61563355,1.20295495,0.02726200,-0.08429547
0.81720731,1.15245170,-0.37413321,0.00295151
-4.78499763,1.49339836,0.00011691,0.00715815
-4.12310407,-4.46030812,0.10734787,-0.14725719
-4.28677510,-4.12943568,0.04259432,-0.13759724
-4.53375849,-4.54395705,0.00681532,-0.07749021
1.32103158,-4.09531958,0.14464717,-0.50751831
1.38350712,1.69380391,-0.34245892,0.27657411
0.88546586,1.64167705,-0.12419556,-0.18840676
-4.68716821,1.43105403,-0.07612168,0.29707338
1.50088306,1.45533608,-0.41272356,-0.12651151
1.62811562,1.31114811,0.48282604,0.13082941
-4.91375712,-4.48065484,0.06083917,-0.46714202
-4.42897945,1.67261046,-0.46269042,-0.44255160
1.61968368,1.35025626,-0.61257270,0.16971453
-4.59378575,-4.47994034,0.08735624,0.05492489
-4.48176225,1.49900600,0.42091802,0.20420594
1.46348497,1.32901284,-0.23051721,-0.04907649
1.31858366,-4.68279638,0.09688704,-0.18204864
-4.66268847,-4.20585538,0.00134009,-0.01744036
-4.12097792,2.04265802,-0.06351577,0.10020065
1.53785306,1.49740401,-0.45716898,0.05416441
-4.26916219,-4.27598312,-0.04633564,0.05173517
1.62904102,1.70786191,0.04120301,-0.01994830
1.32754655,-5.02110788,-0.54372314,0.72176416
1.63032696,1.55320442,0.12765058,-0.03188220
1.49839724,1.18661851,0.10188866,-0.14933930
-4.48266416,-4.49922937,0.02737018,-0.07687784
1.41059907,1.74681665,-0.33729086,0.25593252
1.60752697,1.45337300,-0.07742841,-0.15810629
1.59048526,-4.41005898,0.06893465,-0.27893187
1.43161173,1.07816634,-0.08188952,-0.05235391
-4.44040689,-3.90656914,-0.07291166,-0.03419093
1.36202833,1.03172194,0.00665736,-0.00081583
1.72052263,-4.91846768,-0.60753036,0.23098850
-4.56146068,1.46293580,0.04577880,-0.16965367
1.29769479,-4.88446106,0.21314099,-0.11617561
-4.51552791,-4.53518692,0.02597438,-0.34494058
-4.34915915,-4.59231393,-0.09940562,-0.00793420
1.51782755,1.55627460,0.01254177,-0.07345712
-4.54987621,-4.40814282,0.06197343,0.32742357
-4.45385198,1.53814150,-0.26910380,0.41142432
-4.28578839,1.40236058,0.00241886,0.00527409
1.22175788,1.49284798,-0.11998791,0.02078716
1.44486810,1.54148805,-0.07558966,0.39562951
2.19354409,-4.59266103,-0.13203134,-0.13608091
1.67053536,1.16287504,-0.26906960,-0.19465009
1.55486361,-4.72600830,-0.12366381,0.04287913
1.14173584,-4.37037688,0.27956079,0.19213343
1.16944826,-3.70075450,-0.05656993,0.08722058
-3.84444121,-4.70693790,-0.01462460,-0.19807109
-4.47328283,1.49934997,-0.35640147,0.15973472
1.86753267,1.85207371,-0.08471192,-0.20777046
-4.34776492,1.36865325,0.34451341,0.23942842
-3.91850455,0.85890060,-0.00926655,0.03847293
1.51124277,-4.48447422,-0.18093804,0.17770460
1.55377291,1.62476457,-0.25217902,-0.31238752
-4.49932818,-4.57591005,0.07393548,-0.01431295
-4.45529360,-4.51930862,-0.00383574,-0.00064016
1.22991131,1.51134464,0.27240363,0.08311994
1.23121156,-4.69622894,0.08124003,-0.25947880
1.46432891,1.32334185,0.20644542,0.48223303
-4.67745525,-4.68570846,-0.65017461,-0.12374989
-4.35242564,-4.36326655,0.00626481,0.03140923
1.52472799,1.53049299,0.10674812,-0.07184845
1.20705951,1.44378072,-0.42273310,-0.35941107
-5.15305624,1.44968102,-0.00857295,-0.00103836
0.80627128,-4.07360271,0.03770810,0.33385471
1.49840886,-4.51248836,0.06756975,-0.18913836
1.62799646,-4.52880659,0.19808514,0.31314910
1.55333697,1.63594403,0.15308256,0.06645090
1.91346636,-4.69588986,-0.36446475,0.49296362
1.84040713,1.59609690,0.06445461,-0.34018972
1.44497238,1.02260356,-0.09559954,-0.15341418
-3.71551802,-4.90982378,-0.21443776,-0.02534808
1.76002103,1.65285882,0.33392675,-0.05307893
-4.28751187,2.05245857,0.00929286,0.38276053
1.50373299,-4.49200714,0.16028954,0.23295482
-4.03596571,-4.46456002,-0.10800563,-0.09183703
1.52427484,1.45569963,0.31825212,0.01975539
1.41408486,-4.63919124,-0.31883789,0.57539887
1.49162627,1.38069395,0.13464051,-0.03251815
1.88629637,-4.49148826,-0.26135660,0.48345930
-4.58436890,-4.43865825,0.07087256,-0.49608771
-4.50805126,-4.50110925,-0.00400512,0.08246741
1.53864991,1.60469870,-0.00066550,-0.01578117
1.45723915,1.50582471,0.12652971,0.04830716
1.44277900,-4.21819719,0.01904087,0.18086999
1.15912339,1.85040578,0.00170853,-0.12777549
-4.62030759,0.90645121,0.06052896,0.04909942
1.68028850,-4.66770621,0.32632054,0.41302117
1.59874190,1.55348617,0.19071196,-0.16452003
-4.45579967,-4.52939395,0.08787055,0.18386570
1.67058462,-4.64589229,0.19345561,-0.35371484
1.37684245,1.53329893,0.01191328,0.04600055
-4.47270232,-4.47529262,0.26745270,-0.06584098
1.88288043,1.07461430,0.00767527,-0.03392650
-4.05382312,-4.77577399,0.13208316,-0.25012499
1.67596802,-4.28899010,-0.01261759,-0.27213463
2.07716663,-5.07127547,0.49947486,0.04977989
-4.50422753,-4.50655964,0.01958163,0.00755395
-4.22464684,1.31042864,-0.17443847,-0.07324794
1.52886226,1.77267594,0.13028833,0.16406137
-4.02465847,-4.64429387,-0.23036140,-0.11646314
-4.60362642,1.32053484,-0.01245323,0.00864536
1.75116551,1.63830692,-0.34356677,-0.00396532
-4.53305628,-4.42364640,0.03779986,-0.00653240
-4.47888251,-4.63155440,-0.26464726,0.37077243
-5.04049272,1.55787353,0.05564030,0.01930673
1.32889906,1.27946169,-0.02052808,0.02304126
1.65328022,1.55509650,-0.02692733,0.29807375
-4.40776090,1.61347715,-0.01951046,-0.08768716
1.08142000,-4.80851980,0.21930901,-0.46321376
-4.63872846,1.67799881,-0.03213682,0.01809949
1.86023600,-4.73442525,-0.01143852,-0.01097927
-4.63328664,1.39108591,0.02400094,-0.09025807
1.43012892,1.52802392,-0.17850160,-0.14958591
-4.19026566,-4.68215966,0.00858705,0.03642915
1.89670173,1.71577568,0.21578321,0.06204871
1.36644157,1.37142439,0.01546313,-0.13909372
-4.54883086,-4.46183081,0.24740750,-0.35586854
-4.44038522,-4.56165855,0.24932071,-0.01640280
1.80219471,-3.81536207,-0.20685579,0.04934257
1.21357730,1.56944088,-0.17219082,-0.46089993
1.67474606,1.25791820,-0.44978752,-0.22969933
-4.49791443,1.13123954,-0.00333281,-0.02330068
1.40944797,1.52570459,-0.11196236,-0.03587589
1.52497935,-4.45828269,0.28749629,0.14392279
1.48894307,1.46220149,0.17107605,0.15582710
-4.15508178,1.31629618,-0.20996367,0.16911963
1.22292801,-4.40256689,0.33892924,0.15874785
-4.50918537,1.44701074,-0.01683964,0.20077738
1.48717047,-4.49717187,0.02610766,0.01746860
1.64261347,-4.33629671,0.37967204,0.28884035
1.66007133,-4.77387579,0.07956204,-0.13566090
-4.88509092,1.25408292,-0.24145350,-0.57229441
1.71704528,-4.58822403,-0.02473376,-0.01499993
1.38292673,1.59774468,0.09057236,0.05571211
-4.44338012,-4.29439103,0.05448077,-0.16036088
-4.51704572,-4.61591140,-0.10825377,-0.29116681
-4.50006107,1.49931861,0.25714065,-0.57218199
-4.01345616,-4.74850726,-0.01730475,-0.02605903
-4.56669124,1.04900467,-0.08666992,0.31793098
1.53979948,1.47838727,-0.18197919,0.01706357
-4.41853201,2.24332940,-0.15028120,-0.04826327
1.11472236,1.16133150,0.45370294,-0.11245240
1.47395871,-4.46217531,-0.47091821,-0.20013194
1.48816198,-4.59444192,0.18545393,-0.30372471
-5.14670647,-4.86304933,-0.24028367,-0.09931481
1.20106230,-4.62834973,-0.05531398,0.12650789
-4.61548817,1.61885486,0.34342858,0.11243012
1.23127189,1.43635580,-0.01397702,0.42661645
-4.71440668,1.25262971,-0.22738782,0.24727040
1.38430980,1.39770900,0.05869524,-0.10785739
-4.73998336,1.86311874,0.01700265,-0.06638738
-4.45183759,-4.42095384,-0.06038530,0.00800492
1.49614494,1.52201257,-0.06189710,0.13417814
1.50075788,-3.87321600,-0.35989741,0.09613994
-4.51806909,-4.32779642,0.03356670,-0.24243693
1.52442167,1.44010692,0.09630381,0.08600099
-4.71360042,1.32731192,0.01549576,0.08294601
0.87897850,-4.23478577,0.53842154,0.25069953
-4.43883140,-4.61282455,-0.48422495,0.16227774
-4.29682931,-4.30705207,-0.03795600,-0.01781343
-4.48890975,1.51415680,-0.53499313,0.09730318
-4.06610276,-4.59474538,-0.67617261,0.09306367
1.47772038,1.53149772,0.01056214,0.17386069
-4.48396962,-4.55366558,-0.03327740,-0.08635473
1.53965107,-4.56694060,0.00098893,-0.00366198
1.44779137,1.55624487,-0.10252663,0.46023391
1.36340017,1.52409968,0.11665924,-0.69313844
-4.59613786,-4.48253010,0.03737915,0.14355179
-4.82005136,-4.53270495,-0.08446659,-0.02088776
1.91803695,1.45823268,-0.00678706,-0.03612771
-4.46390443,-4.43320384,-0.06840159,-0.17021023
-4.76398926,1.82206368,-0.27795777,-0.18111127
1.40907610,-4.61391078,0.03679389,-0.08872657
1.50791082,1.51208360,0.17139882,-0.08349755
1.50548629,1.54998201,-0.05938154,-0.00724031
1.46223855,-4.57414180,-0.22136784,-0.37875514
1.67314047,-4.46413004,-0.22522390,-0.23836120
-4.52273852,1.41667803,-0.10120976,0.88931577
1.14856986,1.28695624,0.41927172,0.20124720
1.24927642,-4.47169932,0.00941937,0.06387994
1.39927384,-4.20716630,0.21460067,-0.21848605
1.59406595,-4.63173402,0.15187440,-0.32796897
1.66268723,1.85096365,-0.11192272,-0.33753042
-3.85837842,1.20883595,-0.35319917,-0.25291798
-4.48326217,1.53100575,-0.00159112,-0.02133753
-4.44769346,-4.43160161,0.19516983,-0.52216000
-4.88041195,1.46228716,-0.10500915,-0.32081845
-4.29746377,-4.40332173,-0.23754934,-0.17062750
1.59374142,1.52729852,-0.02146364,-0.02102968
1.71444664,1.16422856,-0.15158154,0.08971339
1.55184839,1.55934584,-0.20568293,0.16517647
-4.52480179,1.48561507,0.10158625,-0.12085958
1.49510920,1.50829840,-0.28604026,-0.28762412
1.61790859,1.76423709,-0.00073792,0.00174695
1.49631227,1.50282858,-0.53712645,0.28495407
-4.51441556,-4.48439784,0.38606027,0.04842519
1.47215760,1.67259941,0.21427786,0.12081755
1.47838160,1.58877213,0.14563632,-0.37145288
1.49018550,-4.49699242,-0.25478404,-0.30592755
1.45451453,-4.38680607,0.05933311,-0.13907006
1.48207082,1.57357251,-0.03477159,-0.09150929
-4.39249166,-4.50090902,-0.10398196,0.14908184
-4.29619299,1.63425342,0.11221692,0.00399123
-4.53508601,-4.52387161,0.08345769,-0.42266724
-4.21208789,1.04470250,-0.03801848,0.75464767
1.36643355,0.91705135,0.03976037,0.33711353
-4.69630472,-3.99146528,0.09753246,0.01318995
1.42947595,1.63112371,-0.07999606,-0.55877949
1.48145274,1.53268223,-0.20735011,0.10478136
-4.58816768,-4.80313557,0.00319104,0.04536332
1.49379431,1.55004435,-0.02651194,-0.09914523
1.27271263,1.67854700,0.06389855,-0.06903192
1.61238969,-4.36216881,-0.22652474,0.00963378
-4.61638637,-4.21398964,0.00933833,-0.08461763
1.66005654,2.00106498,-0.14467399,0.17635170
1.22310162,-4.77900707,0.04883604,-0.01399398
1.75992077,1.72241797,0.42532788,0.16286539
-4.56824785,-4.57506228,-0.04528284,-0.01598689
-4.42059823,-4.85400185,-0.04294223,-0.36580152
-4.56887228,2.37061829,0.41070163,-0.03563541
-4.20195030,-4.64035793,0.09683140,-0.03399505
-4.18360277,1.91443383,-0.66424880,-0.41271602
-4.51419375,1.07888817,-0.00955233,-0.03611754
-5.26393168,1.39278863,-0.18575106,0.55860101
-4.51513860,-4.11585539,0.38376848,-0.09599406
1.86457224,0.98142492,0.12018012,0.18815623
1.16982969,1.07461878,0.03119686,0.72737157
-4.55326239,1.53001045,-0.02131540,0.34151822
-4.55390736,-4.47725983,0.02330860,-0.46620838
1.45736653,-4.43324600,-0.07991018,-0.01132620
-4.49866306,1.51667046,0.27349672,0.08873795
-5.02205348,1.63326913,0.00739065,0.04547681
1.39846379,-4.75980795,0.15200760,0.05836592
1.39371403,1.37318250,0.02411509,-0.06691297
-4.32888611,-4.76882300,0.47706287,0.51432523
1.53869603,-4.52384528,0.00087918,-0.02027564
1.97259454,1.75604943,0.04483697,0.08957184
-5.05958978,1.65158904,-0.23922567,0.08826549
-4.87729079,-4.51058413,0.21521243,-0.27372037
1.56510584,-4.58051915,0.10331543,-0.07962933
-4.43642306,-4.39117435,0.26360262,0.53076646
-4.41054544,1.60824188,0.00781390,0.00396087
1.54111282,1.50285721,-0.03509837,0.00456746
1.30337531,-4.33684848,0.12818034,-0.35744329
-4.77974045,1.76134154,-0.17411384,0.04296209
-4.63687611,-4.52042033,0.06105857,0.26495890
1.49489338,1.50065693,-0.10695152,-0.17609695
1.59022784,1.49441912,0.24780322,0.12517881
1.43762312,1.50555011,-0.00124114,0.00096201
-4.72837774,1.51259500,-0.14188161,0.12170226
-4.46648192,1.43517881,0.18761045,0.21217718
-4.62386908,1.60918564,-0.30759658,0.14725805
1.77045091,-4.46446516,-0.14137913,0.08543011
1.57885949,1.13590907,0.09170105,0.29719489
-4.69820159,-4.38603219,-0.60444260,-0.60665253
-4.64216407,1.56032524,-0.22725131,0.17413958
1.22642531,1.42409005,0.04266362,0.11350369
-4.73010042,1.51061303,-0.49566831,-0.01086112
1.22918625,-4.02337324,-0.04926026,-0.25937070
1.59483822,1.50773211,-0.01857513,-0.07499461
1.47440879,-4.91945299,-0.00884166,0.05043421
1.56742068,-4.49862704,0.34525520,0.13470744
-4.37334651,-4.54900514,-0.09542086,0.04350403
0.92796839,1.86194204,0.24612826,0.10312319
1.43230069,-4.12189176,0.21514744,-0.01234374
1.50032680,-4.49988862,-0.02954116,-0.07246551
1.46666103,-4.49221658,0.01438634,0.14461530
-4.67148347,-4.59978937,-0.04742082,0.14368002
1.98232565,-4.95914443,0.28961171,0.25745354
1.49795135,-4.51924547,0.15357281,-0.06138553
1.88885086,-4.71938364,-0.01211895,0.40664252
-4.53524527,1.61042028,0.10554728,0.06930528
-4.25283585,1.57228637,-0.53545223,-0.23017918
-4.76795829,1.23771899,-0.39394807,-0.43867755
-4.50203685,-4.50436597,0.13249964,0.07623633
-4.52189279,-4.31549456,-0.09838777,-0.09451026
1.02066861,-4.49437422,0.55339403,0.08492230
-4.05971962,1.81723191,-0.06958182,0.19755110
1.49377158,1.51656390,0.06055272,0.03186124
-4.93299494,-5.07695221,0.03339146,0.00311557
-4.42692441,-4.82225265,0.03711529,-0.08538062
1.58659490,1.36602424,0.17192702,-0.04739722
1.50634086,-4.48222854,0.00868291,0.01855117
-4.56218018,1.72782554,-0.49544486,-0.32315521
-4.37470176,2.01369105,-0.00106109,-0.03397294
1.60878961,-4.55526206,-0.05747748,-0.03693418
-4.39090049,-4.88377330,0.26881104,0.06444683
1.46610132,-4.60303349,0.02347501,-0.02128350
-4.71333416,-4.57055401,-0.03090163,-0.02135291
-4.84931411,1.48938811,0.02387702,0.48237704
-3.99702890,1.53404115,0.04028734,0.05839006
-4.56241874,1.53851583,0.15674994,0.10004743
-4.30163042,-4.92138554,0.01840774,-0.08365119
1.45332793,-4.51216976,-0.07514289,-0.03660373
1.59028830,1.62725725,0.07412722,-0.28209352
-5.37681882,-4.62990368,-0.23755163,0.07345779
-4.50873120,1.49991043,0.03710841,-0.09109168
-4.38398394,-4.42471260,-0.24715485,-0.02994051
1.49906460,-4.51289670,-0.64705371,-0.26168956
1.73708379,1.86652250,0.02044190,0.57463189
1.52990979,-4.49027414,-0.61508911,-0.14844130
1.31054439,1.34989950,0.18378160,0.61473012
1.50947207,-4.49972981,-0.13983368,-0.08474196
2.44941099,-4.81592015,-0.18902098,0.03744849
1.53391678,1.33851061,-0.00702324,0.01943542
-4.12760069,1.60434241,-0.00033290,-0.00819941
-4.48114150,-4.28118669,0.42990072,0.35027691
1.47237737,1.26207706,-0.69142495,-0.30395534
-4.61186099,-4.60325624,-0.04284456,0.13291549
-4.39944017,-4.45235450,0.18510917,-0.12398703
1.21441357,1.52081814,-0.08652701,-0.02563724
1.34673437,-4.47137745,-0.02458298,-0.08086305
-4.04717963,-4.11168546,-0.27983531,-0.02958014
-5.01257825,-4.34786942,-0.13651595,0.12586587
-5.26354864,1.33437285,0.31997580,-0.16522677
1.46711243,1.16457307,0.19879246,0.13300695
1.50057373,1.50036810,0.17126906,0.37851475
1.26797081,-4.42335326,-0.11441273,0.23678147
-4.79520665,1.92332545,0.29482780,-0.03586461
1.40097524,1.35383252,-0.16179022,-0.09887468
-4.40135163,1.29615119,0.26410280,-0.52156780
1.52972546,-4.46157459,-0.28661963,0.08010301
1.44398611,-4.51967984,0.32241606,-0.27857670
-4.31138794,1.45820855,-0.02516728,0.07791097
-4.47314980,1.80316419,0.00874395,-0.00656797
1.27184675,1.32267822,-0.00078817,0.00268285
1.70976166,1.15390804,-0.01164897,0.00178917
1.36378462,-4.52769865,0.00825800,0.02523392
1.35832242,-4.36889049,0.03292006,-0.37122602
1.54136945,-4.51406838,-0.19305184,0.34877043
-4.65535558,-4.41838746,0.03290840,-0.04560193
-4.34049198,1.54772573,0.00051022,0.00153132
-4.43625033,-4.69987579,-0.03789567,0.04118405
-4.50590608,-4.49883067,0.07167917,-0.01153003
-4.47427059,1.55628253,-0.15985262,0.24596365
1.57557354,-4.63335257,-0.08592491,-0.15256804
1.64495090,-4.14246482,-0.36751316,0.53552217
-4.39600589,1.67111749,-0.63104455,0.12558545
-4.45696428,-4.17405711,-0.09415372,0.20222237
1.45262251,-4.45511602,0.51791196,0.27317352
-4.20625309,1.69223850,0.00212355,-0.14737136
-4.24069206,1.13322600,0.10026008,0.04333538
-4.72345289,-4.63669911,0.19420926,0.08325433
1.46156904,1.77529709,0.36160724,0.03994792
-4.14961319,-4.63492456,0.29904524,0.03295383
1.02045130,-4.44343444,0.01569886,0.08393929
1.58366864,-4.56765400,-0.05133915,0.05857271
1.26442047,1.20966565,0.09842247,0.13985484
1.34175559,1.44755048,0.02227552,-0.05632779
1.24124589,-4.64483836,-0.47199857,0.09691525
1.53815369,1.45334535,-0.22737791,0.13075125
-4.47163297,1.60667173,0.61508704,0.83152425
-3.96137093,-4.51311547,0.08960580,0.07846867
1.52769837,1.46818341,-0.06698144,-0.15490138
1.49407830,-4.73272869,0.36505834,-0.02733005
-4.54242225,1.36378108,0.43648632,-0.04949403
-4.52038538,1.51513619,-0.13509858,0.23893429
-4.24575006,1.73894581,0.38273454,0.45730446
-4.29712693,-4.58604238,-0.14133737,0.17037763
1.50142343,-4.46823745,0.11072131,-0.07327818
1.89120234,1.52843267,0.29000186,-0.09723683
-4.41934936,-4.58314636,-0.13396767,0.58311145
-4.77031929,1.46921024,-0.08221525,0.02543044
-4.16164689,1.66192981,-0.12109039,0.07886169
1.75470561,-3.84643403,0.67007471,-0.11969440
1.84437345,1.58809141,0.05194679,0.71067132
1.52292848,-4.46059043,-0.04301540,0.07030907
1.37630791,-4.47496526,0.26575948,0.50908212
-4.86853991,1.37426294,0.05425217,-0.14234134
1.89577078,-4.75852201,-0.13810556,0.33627943
-4.98802680,0.68273837,0.24673445,0.09366247
-4.42725971,1.41533358,0.10263691,0.12838634
-4.39196807,-4.28128848,0.00614017,-0.16079827
-4.57044691,-4.37914382,0.34839722,0.13292703
1.32093696,1.36329252,0.02220692,0.04961971
1.37003944,-4.66890192,-0.14116201,-0.41837979
1.53342510,1.48284235,0.06373957,-0.12946599
1.44990454,-5.06931371,-0.08643751,-0.31775321
-5.16516939,-5.04257830,0.10237992,0.23082238
-4.70579778,-4.40251145,0.13231203,-0.47461082
-4.09127862,-4.70373476,0.29405289,0.00486285
-4.43610121,1.73422689,0.17758696,0.06764768
1.58074634,1.51317712,0.14243308,0.35276302
1.63103409,1.34855705,-0.03104350,-0.11813124
0.98573302,1.53584033,0.18228101,0.30819404
-4.16840224,-4.81280170,-0.05283304,-0.16266716
-4.46405039,1.48274762,-0.31551907,-0.17296650
1.59840196,-4.49409344,0.13243940,0.33571486
-4.46808676,-4.25025253,-0.09248534,-0.01121462
-4.44773257,1.48912889,-0.01619407,0.04103769
1.89344170,1.44523699,-0.19367263,-0.44229562
1.60767243,-4.69538943,0.33737343,-0.07183793
-4.72041951,1.48993578,-0.41748977,-0.42064181
-4.68047633,-4.64409632,0.11615899,-0.39973884
1.50250006,-4.49320208,0.05679986,-0.02935454
1.60648327,-4.84395608,0.10613943,0.20416689
1.31647352,-4.22041557,-0.52100143,-0.00475011
1.40245232,-4.29412807,-0.22657714,-0.16381419
1.50280326,1.49717436,-0.10989809,0.19020257
1.77966019,1.21891690,-0.12388277,0.20375091
1.91211347,1.28523574,-0.17833100,0.26954278
-4.70002297,0.90543362,0.21955610,0.17503383
-4.63078294,-3.86944270,0.17215410,-0.08638452
-4.56553353,2.08644877,-0.35506597,-0.15044994
-4.37634233,1.46957932,0.02651153,0.18700419
1.15377561,-4.13898309,-0.22202890,0.37236099
1.90476383,1.25232657,-0.36908904,-0.02902329
1.71877947,-4.39299200,0.15313907,0.31540401
1.21980194,-4.65546795,-0.06033868,-0.00940079
-4.71566194,1.58897549,0.42243225,0.55059347
-4.50092868,1.63380226,-0.14388282,0.36616674
-4.31983896,-4.71025823,-0.00822224,0.47642686
-4.71065826,-4.64640697,-0.22802347,0.60669094
1.62754578,-4.16173937,0.00241932,0.00464258
-4.40621215,-4.57609567,-0.19889708,0.28486304
-4.49179095,1.13381938,0.40429332,-0.22192242
1.40303301,1.58161499,-0.12857831,-0.07154381
1.52584436,1.43662755,-0.37267803,-0.01897857
1.47179329,1.54081525,-0.07690879,-0.04727771
1.48866948,1.45277180,-0.11036630,-0.24260012
2.09729154,-4.53963138,0.20513476,-0.23485132
1.89229524,-4.38917483,-0.01860286,0.26089750
1.71334696,-4.71739144,-0.23312071,0.33251460
-4.44044221,1.67300801,0.00263936,0.01929034
1.04983981,-4.28044618,0.03009452,0.02977709
-4.44094439,1.54077721,0.09245057,-0.55659660
1.61621507,-4.54303351,0.11671974,-0.27409448
1.44512208,1.43120423,0.00015467,0.00686202
2.05015783,2.06979563,0.24941048,0.00523089
-4.21203535,-4.52027268,-0.02121406,0.02334490
-4.47536041,-4.58198810,0.41645826,0.00991973
-4.60922127,-4.60377874,0.13571331,0.06714258
1.49935135,1.51101984,-0.45209233,-0.06202481
-4.41586798,-4.47569671,-0.31203370,0.08119892
1.82168295,1.48293420,-0.12486494,-0.11609086
-4.39230742,1.27671738,-0.32200866,0.37710413
-4.22153358,-4.56180272,0.30183530,-0.39293674
-4.48241336,-4.39670015,-0.07176453,0.03926212
1.50530144,1.61219389,0.15603286,0.22657604
-4.77962777,-4.09297940,0.33862444,0.21471095
1.08746367,-4.51828580,0.29585726,-0.19376339
-4.37950167,1.35101537,-0.00121734,-0.02110635
-3.62997352,-4.25438519,-0.01257259,0.30666093
1.25011769,1.61230051,-0.00093986,-0.17331124
1.85043038,-4.41536827,-0.10056578,0.12011690
1.52162838,-4.18520262,-0.13276394,-0.14991532
1.49011736,1.25143400,0.13225860,-0.59716466
1.29961483,-4.62683845,-0.60853977,-0.16749655
1.69498311,1.41462381,0.15762719,-0.07202413
1.56523655,1.60341326,-0.03264510,0.10577406
-4.40502301,-4.80945589,-0.00862191,0.04288952
-4.63983321,-4.47032637,0.02913471,0.26991879
1.35632075,1.23592535,-0.07834915,-0.33981614
-4.49578776,1.50362419,0.06832029,-0.34012772
-4.14778767,1.28239361,-0.23766490,-0.07964426
-4.50264028,1.49837890,0.17675075,0.22514258
1.66970092,-4.34069905,0.31573767,-0.18999143
-4.43822579,1.44289840,-0.05340456,0.08817350
1.47608526,-4.52593461,0.09152769,0.04639080
1.50057501,-4.49498877,0.08243299,-0.50870652
1.50737731,1.38652955,0.20265029,0.27876185
1.11853636,1.61845370,-0.14634016,0.22209114
-4.50176698,-4.48329881,0.00637787,-0.22832540
1.66687607,-4.45452971,-0.16783961,-0.22043110
-4.07160862,-4.48282098,-0.08931131,-0.27475503
1.57081764,-4.15749728,0.37661814,0.28375659
1.58815998,-4.37342043,-0.00641948,0.02483490
-4.65858346,1.47999218,-0.20680329,-0.01045635
1.76660084,-4.42774971,-0.05567757,0.01279697
1.76276476,1.09040131,-0.11277769,0.60233266
1.44704923,1.56343173,-0.15315923,-0.14950506
-4.51139686,1.39270450,-0.16004258,0.21203352
-4.53848227,-4.45620932,0.11132126,0.29559482
-4.51440333,-4.53424778,0.00086380,-0.02648800
-4.62053317,1.64071789,-0.03201448,-0.07240722
1.64428164,1.53724600,0.20802590,-0.18967510
-4.63902932,-4.51854490,-0.18966612,0.13988900
-4.52679890,1.50594165,0.07701694,0.34452485
1.49127018,1.54477559,-0.18326156,-0.06790567
1.38855168,-4.38858223,-0.03820290,-0.13183723
-4.62721930,1.40603123,0.07915713,0.01152421
1.29624663,2.07693917,-0.51334531,0.39791772
1.43431864,-4.39564887,-0.00062019,-0.02235965
-4.49787638,1.37151357,0.06335011,0.20100253
1.94433916,1.61132356,-0.48748966,0.07390400
1.68286001,1.66880666,0.28430684,0.31783774
1.59787554,-4.53951825,0.00012035,-0.00840711
-4.80707812,-4.13917769,-0.04617336,0.14800772
1.74923419,1.01996997,-0.41824234,-0.19752865
-5.12139233,-4.34175802,-0.21976237,-0.09222841
-4.42058621,-5.06931776,0.02670496,0.33465287
1.47677439,1.57428714,0.08571225,-0.15008719
-4.55177750,1.46354902,-0.18023870,-0.20347041
-4.57467900,1.65992138,-0.30748984,-0.52493500
-4.66303128,-4.43648220,-0.00475318,0.05953913
-4.57665759,1.91716746,0.04604362,-0.07436590
1.24404301,-3.95675104,-0.03577741,0.05434660
-3.84220133,1.83425775,0.21187398,0.13945329
-4.37204890,1.82154533,-0.01241670,-0.09534521
1.40540580,1.67855380,0.22654101,0.15109070
-4.19660763,1.16444332,-0.12756726,0.33092398
1.59052257,1.33161776,0.04265465,-0.26035109
-4.20615681,1.25840057,0.05992235,-0.17442885
-4.65572143,1.58405072,-0.07617896,-0.02848670
-4.79543723,-4.13742066,-0.54236438,0.13146258
1.25870019,-4.43179002,-0.04568796,0.17693607
-4.75507159,-4.50864971,0.01066561,0.48584990
1.64309252,1.45801626,0.35440553,0.36752255
1.68739970,-4.14598634,-0.08395922,0.09276138
-4.57412929,1.66825268,0.01085019,-0.01020101
1.04219732,-4.61328675,0.26169685,-0.15323646
-4.45369872,1.21155520,0.05609926,0.41184687
-4.28433255,-4.70717756,0.31700646,-0.78763092
1.35466889,-4.63482278,0.00608204,0.00969781
-5.16411524,-4.61349849,0.03830779,-0.44201526
-4.31276201,1.46808330,0.20410448,-0.05359663
1.44383761,1.35340325,0.04285314,-0.20301491
-4.55420450,1.80511653,-0.07796765,-0.02551293
-4.36743593,1.52842730,0.05570842,0.01472120
1.10382478,1.41591933,-0.40906510,-0.02843163
1.40121708,1.40146944,0.10418927,-0.09635944
-4.32862499,1.73411781,0.07110761,0.05815449
-4.26250055,1.40843050,0.19987125,0.11535767
1.90317756,-4.97359063,0.15472420,-0.34180846
-4.48847017,-4.51490821,-0.00721683,0.30206931
-4.61650191,1.52135094,-0.00851788,0.03732959
1.71651073,1.88289561,0.03835941,0.16151190
-4.46191535,-4.59097991,0.16064629,0.24936339
-4.28270108,-4.69684187,-0.02335531,0.04504884
1.45310908,-4.28035947,0.17555970,0.08774693
-4.56845107,1.59014134,-0.24900791,-0.05462619
1.79934190,-4.25309024,0.12026918,0.09282448
-4.30047968,-4.59074235,-0.01206360,-0.00197268
1.51344124,-4.50765178,-0.14463444,0.11613451
1.43135196,-4.71636848,-0.07084210,0.02194446
-4.37320254,1.43679852,-0.01410797,0.00837209
-4.60036939,1.39611862,0.10987772,0.10033830
1.49345139,1.49517324,-0.00574668,-0.01631571
-4.47373561,1.41917238,0.07580378,-0.03376304
-4.52269583,1.72604261,-0.10300283,-0.33787352
1.61860852,-4.29126737,0.00309083,-0.01703706
1.38924686,1.56422289,0.11540942,0.08555601
-4.45349677,1.49126967,0.40648943,0.40646266
1.72254216,1.40616092,0.16935444,-0.14080194
-4.48951890,-4.50016280,-0.00044678,0.15944759
1.52463507,1.50342962,0.29590348,-0.11721674
1.13419353,1.31887137,0.11689125,0.00410756
-4.05362327,-3.65093634,0.29470725,-0.03178258
1.52758641,-4.49304824,-0.26628459,-0.20594857
-4.57858277,1.28418831,0.03721386,0.12540023
-4.52516695,-4.38802021,-0.34973552,0.23351561
1.53576497,-4.80376300,-0.61493375,0.52200498
-4.61209106,1.03662048,-0.01253861,0.07382583
-4.38274416,-4.59617187,0.03578709,-0.04513202
-4.51088611,-4.75120809,0.04540032,-0.04506701
-4.04394508,1.36101465,-0.26199603,0.05027821
1.43652238,1.58388580,-0.03992725,0.03496029
1.74403659,-4.44579007,0.44898401,-0.08830423
-4.46068295,1.51744871,-0.78599300,-0.69041590
1.50562836,-4.51733625,-0.19461126,-0.00352746
1.49035847,-4.55930889,0.07673958,-0.01531686
-4.62221324,-3.86687951,-0.08707112,-0.31369188
1.54367405,-4.45473765,0.37694217,-0.11252783
1.78166604,1.49227266,-0.02447766,-0.00193063
1.57445887,-4.36107397,-0.10554572,0.06026200
1.48297217,1.48879061,0.13122154,-0.06528672
1.68211412,-4.77928845,-0.17107641,-0.64627351
-4.46247992,1.16328047,0.11906122,-0.03705774
2.14688177,2.14013716,-0.39886186,0.30670652
-4.62574630,1.14801119,0.01274212,0.05212897
1.19386399,1.00590491,-0.25916561,-0.22955157
1.80806038,1.28788386,-0.13260989,0.04831056
2.44978667,-4.52761102,-0.01021445,0.08801121
-4.49764450,-5.21886584,-0.32339958,-0.14737655
1.31159054,-4.82876275,-0.13343003,0.05201605
-4.76997816,1.73335486,-0.33810701,0.29197808
1.19407193,-4.25591154,0.39019250,0.01258275
-4.86595059,1.68966314,0.04141867,-0.20497318
-4.30291693,1.49075021,0.23603427,0.06382333
-4.17056604,-4.45469125,-0.06513726,0.09124413
1.32873961,-4.46295370,0.25753715,-0.46871707
1.08044613,1.76672966,-0.05024333,0.31650911
-4.19177205,-4.57060116,0.01542644,0.02948852
-4.03178536,1.67880106,-0.08772648,-0.24124737
1.48013177,1.53061191,0.19884088,0.24881248
1.44115514,-3.94893420,0.01834739,0.10058043
-5.04362173,2.44815189,-0.04472849,0.14046398
1.70568926,1.32878899,0.39635403,0.00117029
-4.64207660,-4.47968237,-0.33901737,-0.00898381
-4.50021489,1.49921063,-0.13488757,0.27984383
-4.25168948,1.65085187,0.30958300,-0.34126543
-4.49457735,-4.53205127,0.63800177,-0.28494113
-4.36350691,-4.14884153,0.05982436,0.16249592
-4.55325600,-3.96739637,-0.15693535,0.03249425
-4.49357347,-4.48728186,-0.26310097,-0.32058981
1.64299552,-4.32088018,-0.22696067,-0.01635040
1.50146316,-4.48685393,0.32598224,-0.28282180
1.43211541,-4.66118316,-0.01070749,-0.01608291
-4.28445574,-4.55954781,-0.25979846,0.48515712
1.44235699,-4.33517064,-0.05596126,0.09360705
1.07745304,-4.35222194,0.09888240,-0.01708683
-4.74427760,2.15344195,0.12019182,0.08669737
-1.14085280,-1.16866420,1.67819979,-1.91590810
